MATRIX MULT TIME:
9.93368 seconds
Output after biases:

[-4.00] [8.05] [-16.07] [6.13] [1.90] [-4.48] [2.05] [13.25] [6.00] [-3.76] [-8.36] [10.19] [14.65] [5.38] [11.18] [1.91] [9.85] [2.24] [-3.11] [5.78] [5.42] [12.06] [1.59] [6.75] [12.29] [-10.45] [10.80] [4.17] [19.51] [-1.12] [8.55] [0.58] [3.52] [-2.62] [1.88] [4.92] [-0.96] [1.08] [-12.99] [-5.28] [-3.32] [2.33] [-1.47] [-2.10] [4.41] [-0.96] [-9.31] [0.09] [-18.88] [-4.12] [3.69] [14.25] [-13.98] [5.04] [10.08] [0.32] [1.34] [9.64] [-8.48] [-18.65] [0.95] [3.75] [-5.24] [2.57] [-13.34] [5.07] [8.88] [-5.68] [2.96] [-0.24] [-11.68] [1.05] [-7.34] [-1.27] [-3.75] [5.47] [-2.35] [1.35] [-2.57] [-11.97] [9.78] [5.13] [-0.93] [-4.65] [-2.04] [-18.00] [-0.58] [-3.93] [0.87] [-0.06] [9.55] [-9.50] [6.34] [-0.16] [4.10] [-4.92] [2.41] [11.83] [-7.53] [-5.38] 
[-4.65] [4.70] [-12.61] [10.40] [2.19] [3.57] [-0.81] [9.73] [13.89] [-3.10] [-7.20] [-3.44] [8.56] [2.66] [6.56] [3.11] [11.67] [0.90] [-1.82] [2.07] [8.92] [17.86] [2.56] [1.73] [5.61] [-11.20] [9.48] [6.02] [8.88] [-1.32] [6.13] [3.48] [11.84] [-6.12] [7.44] [5.63] [-1.64] [2.41] [-3.82] [-5.81] [0.63] [-0.93] [1.54] [-11.61] [3.83] [-2.99] [-5.62] [1.38] [-20.06] [-8.69] [7.37] [20.93] [-17.29] [4.99] [5.04] [-2.84] [-5.84] [2.76] [6.07] [-6.40] [1.99] [-1.11] [3.33] [1.95] [-13.25] [2.96] [2.71] [-10.18] [4.83] [-1.06] [-10.72] [5.17] [-5.85] [4.77] [5.91] [-1.48] [-4.76] [-6.55] [-6.23] [-11.18] [1.85] [-1.86] [0.54] [-5.86] [-3.76] [-21.19] [0.92] [-10.26] [7.69] [-0.91] [5.99] [-6.84] [5.55] [-5.67] [-0.64] [-5.15] [-12.72] [10.81] [-6.26] [-2.51] 
[-6.74] [6.53] [-12.24] [10.61] [16.39] [-3.51] [-4.97] [11.88] [7.73] [1.94] [-5.02] [6.69] [18.25] [2.24] [10.72] [1.21] [11.30] [-8.32] [1.08] [6.45] [-4.17] [22.48] [7.80] [-7.18] [13.73] [-7.62] [12.37] [13.73] [14.46] [-9.82] [-0.68] [2.39] [9.96] [-9.32] [-0.36] [4.24] [-3.87] [0.65] [-1.99] [-6.20] [0.03] [1.20] [-5.55] [0.92] [1.37] [-1.94] [-4.72] [11.57] [-20.70] [-8.29] [2.38] [19.14] [-12.16] [9.87] [7.25] [-1.56] [1.55] [8.89] [-1.78] [-6.28] [-3.92] [3.05] [-1.01] [8.82] [-13.77] [10.57] [3.16] [-0.50] [7.39] [-5.94] [-6.21] [1.20] [-4.34] [-1.35] [-0.94] [-2.32] [-1.62] [1.92] [-1.81] [-4.27] [4.21] [-10.47] [-1.33] [-4.41] [4.57] [-18.10] [1.99] [-2.83] [7.66] [3.86] [1.66] [-7.21] [4.95] [5.93] [6.53] [1.15] [-12.93] [0.39] [-6.66] [-2.33] 
[-5.27] [4.16] [-12.34] [17.48] [5.99] [3.59] [-5.85] [9.31] [13.85] [5.66] [-0.51] [1.57] [12.88] [11.55] [1.98] [6.89] [10.07] [6.04] [0.90] [2.99] [8.30] [16.82] [5.70] [1.03] [18.96] [-11.00] [9.21] [3.00] [10.50] [-2.18] [6.00] [0.90] [11.01] [-5.89] [1.95] [3.56] [-0.82] [-6.97] [-0.24] [-4.77] [-3.33] [-3.02] [-0.07] [-4.49] [6.03] [0.99] [-0.01] [8.52] [-15.88] [-8.16] [1.67] [12.27] [-17.16] [-3.46] [3.06] [-1.76] [-0.89] [8.30] [-1.43] [-5.23] [-9.05] [3.71] [-4.55] [0.87] [-16.54] [13.07] [4.59] [-14.23] [9.53] [3.61] [-8.51] [-1.08] [-8.65] [3.62] [-11.94] [-1.97] [3.62] [-7.67] [0.08] [-8.54] [7.86] [-5.43] [-6.04] [-5.95] [7.40] [-23.33] [7.71] [-0.80] [8.63] [-4.29] [5.32] [-2.00] [-3.78] [4.53] [6.70] [-9.87] [-10.28] [11.18] [-0.83] [-2.18] 
[-11.88] [-0.11] [-8.86] [13.81] [9.22] [2.57] [-2.91] [6.71] [5.43] [0.97] [-6.84] [5.32] [9.96] [2.95] [9.09] [6.68] [4.37] [6.57] [3.65] [-2.67] [-3.09] [17.06] [4.15] [-2.76] [22.69] [-11.78] [7.32] [10.98] [7.02] [-1.57] [-1.58] [5.64] [9.71] [-7.35] [-9.43] [5.02] [-0.77] [3.12] [-5.77] [-7.68] [-8.95] [-0.21] [7.60] [-2.32] [1.80] [7.48] [-4.88] [8.07] [-10.91] [-3.60] [0.65] [17.87] [-12.00] [11.93] [12.99] [3.74] [2.25] [14.73] [4.31] [-13.15] [-1.89] [3.32] [-1.37] [-0.46] [-11.58] [7.23] [-1.45] [-8.76] [11.36] [2.48] [-8.44] [4.75] [-3.68] [-0.11] [-0.39] [-3.16] [-6.87] [-2.98] [-5.17] [-10.87] [11.06] [-0.03] [-2.69] [2.05] [5.31] [-19.26] [-4.45] [-10.66] [4.46] [1.96] [3.56] [-7.41] [5.41] [-0.02] [3.32] [-0.74] [-10.32] [9.37] [-6.68] [-7.85] 
[-12.20] [1.24] [-12.16] [11.21] [10.75] [0.33] [-5.17] [17.46] [4.01] [-1.37] [-3.94] [-1.59] [11.92] [1.92] [6.50] [-0.50] [2.93] [-0.83] [-4.91] [-2.37] [-3.02] [19.83] [1.95] [3.08] [12.73] [-9.61] [22.71] [7.56] [20.42] [-4.18] [6.97] [6.99] [10.33] [-4.22] [-2.96] [7.12] [2.48] [-1.67] [-5.33] [-4.77] [-3.97] [1.74] [-8.59] [1.72] [6.80] [-1.22] [0.45] [13.30] [-17.18] [-6.66] [9.61] [10.24] [-19.86] [5.52] [11.40] [-0.88] [1.30] [5.92] [-11.33] [-12.06] [-3.76] [8.03] [-2.38] [10.59] [-9.04] [11.77] [5.30] [-0.18] [8.66] [1.46] [-7.81] [2.03] [5.24] [-3.12] [5.61] [-7.00] [-0.59] [2.20] [1.79] [-10.41] [8.16] [2.61] [1.53] [-0.22] [-1.38] [-20.72] [7.77] [-13.44] [2.54] [1.63] [12.69] [-10.59] [3.50] [8.84] [4.14] [-5.23] [-16.96] [9.49] [0.54] [-3.91] 
[-6.82] [8.30] [-6.51] [3.23] [0.62] [2.79] [-5.48] [7.74] [9.13] [0.31] [-9.03] [3.13] [14.16] [4.58] [5.35] [6.03] [6.45] [-9.87] [2.78] [5.65] [-2.10] [17.26] [9.58] [-0.11] [17.97] [-6.78] [8.96] [5.01] [9.55] [-5.22] [-0.41] [-4.57] [17.40] [-5.16] [0.47] [12.71] [-1.85] [6.20] [-3.05] [-5.90] [-0.17] [-3.75] [3.42] [6.42] [10.70] [1.40] [2.64] [1.06] [-20.43] [-8.33] [8.71] [13.94] [-16.12] [11.32] [6.75] [-6.43] [-7.98] [7.17] [-7.75] [-5.70] [0.62] [2.64] [-3.23] [-2.06] [-11.30] [9.25] [13.00] [-3.10] [6.11] [-0.62] [-12.12] [2.44] [-5.31] [4.78] [-0.35] [-7.52] [-1.08] [-1.08] [-3.51] [-3.07] [4.66] [-2.48] [2.73] [-4.19] [7.75] [-22.67] [6.82] [-6.13] [2.98] [-7.55] [2.74] [-7.49] [9.98] [-1.35] [10.06] [-1.41] [-9.25] [7.41] [2.31] [-1.52] 
[-6.80] [6.70] [-6.63] [6.43] [1.31] [8.28] [-3.47] [8.87] [11.24] [3.05] [-7.10] [0.68] [14.94] [2.57] [6.92] [7.02] [18.07] [6.14] [0.56] [4.24] [-1.92] [18.04] [3.84] [0.03] [8.05] [-8.35] [9.82] [5.51] [13.11] [-2.60] [9.96] [9.00] [10.38] [-6.07] [1.38] [15.01] [-0.88] [2.69] [4.31] [-13.35] [-5.59] [6.58] [-2.40] [-0.26] [1.64] [4.64] [-0.37] [6.35] [-20.82] [-10.13] [-2.88] [15.68] [-17.14] [5.87] [8.12] [3.83] [2.42] [5.70] [-4.37] [-6.08] [-5.14] [-2.27] [3.92] [-4.88] [-11.32] [15.30] [0.07] [0.32] [10.55] [-5.67] [-16.64] [-0.99] [1.96] [4.92] [-0.79] [-0.03] [2.52] [1.97] [2.81] [-2.33] [13.44] [-1.20] [-2.89] [-1.29] [3.67] [-23.65] [2.95] [-10.67] [7.92] [-8.57] [6.86] [-4.81] [1.11] [-6.76] [6.51] [1.50] [-12.99] [5.55] [-5.17] [-1.71] 
[-14.81] [5.17] [-18.41] [5.89] [8.75] [6.02] [-2.71] [16.26] [9.74] [0.41] [-7.59] [5.78] [12.49] [6.70] [4.23] [2.65] [9.79] [0.43] [5.46] [5.68] [-0.27] [21.44] [6.97] [2.08] [15.75] [-6.73] [5.45] [13.54] [0.97] [-5.19] [3.22] [5.76] [5.77] [-7.75] [-4.49] [13.17] [2.90] [-3.30] [-8.44] [-3.04] [-4.17] [-4.04] [-7.12] [-8.58] [-1.95] [3.94] [-2.20] [3.27] [-16.92] [-6.92] [1.87] [10.89] [-14.51] [9.15] [-2.04] [4.66] [0.44] [8.96] [-4.68] [-4.47] [-6.86] [-1.47] [-2.20] [1.91] [-14.19] [9.05] [8.19] [-8.06] [11.42] [4.82] [-12.93] [5.95] [-6.10] [3.75] [5.04] [1.68] [2.55] [0.41] [-2.28] [-5.66] [13.26] [-2.22] [-4.55] [-9.16] [12.23] [-18.98] [5.42] [-10.28] [8.75] [-7.26] [2.48] [-5.20] [3.18] [-3.31] [5.82] [-3.85] [-6.70] [5.22] [0.60] [0.59] 
[-11.15] [5.68] [-8.77] [-5.00] [8.21] [-5.75] [-9.78] [7.84] [10.31] [7.04] [-10.66] [1.44] [17.38] [2.42] [5.29] [1.41] [10.47] [5.53] [-9.04] [0.96] [10.34] [10.55] [0.98] [-2.06] [13.35] [-14.54] [13.86] [7.53] [9.69] [-2.27] [3.57] [-1.50] [11.49] [-7.81] [-3.18] [10.48] [-1.33] [-5.94] [-8.36] [0.90] [-9.68] [4.58] [-8.55] [-0.93] [-1.07] [-2.46] [-8.25] [5.92] [-15.85] [-6.65] [2.97] [13.80] [-18.85] [7.52] [16.77] [-3.02] [-4.48] [-0.57] [-3.74] [-4.84] [8.15] [-0.53] [1.16] [-1.37] [-14.90] [6.80] [5.22] [1.50] [5.74] [-0.34] [-9.08] [3.23] [-5.44] [0.95] [-2.39] [-3.59] [0.85] [-4.70] [2.65] [-4.33] [2.15] [0.27] [2.22] [-1.66] [5.68] [-27.69] [7.56] [-10.63] [1.31] [-0.96] [7.68] [-6.08] [-2.86] [3.13] [5.88] [-7.68] [-17.66] [6.02] [-7.82] [-4.05] 
[-13.93] [2.39] [-7.56] [7.48] [11.75] [-0.34] [-5.44] [7.38] [12.29] [-3.71] [-2.83] [-2.78] [18.45] [4.34] [-3.32] [6.36] [1.21] [-1.59] [2.52] [9.59] [2.79] [13.12] [5.30] [2.07] [16.48] [-11.83] [12.18] [5.52] [7.11] [4.97] [-3.87] [0.44] [12.58] [-13.72] [-1.05] [14.82] [1.39] [-4.05] [-6.49] [-10.85] [-8.42] [-7.47] [-4.44] [-3.30] [5.72] [-6.08] [-7.72] [3.57] [-15.10] [-1.67] [3.91] [3.20] [-14.82] [9.28] [1.16] [0.03] [-3.66] [8.56] [-2.37] [-4.76] [1.51] [-1.90] [1.72] [1.12] [-9.81] [10.48] [10.78] [-1.91] [14.72] [4.26] [-9.26] [-1.20] [-6.65] [-1.41] [11.92] [-3.66] [1.26] [-1.88] [-4.34] [-11.25] [9.80] [3.86] [0.30] [-4.16] [3.46] [-22.62] [5.07] [-1.95] [0.90] [-3.20] [8.62] [-9.18] [8.65] [3.98] [9.48] [-4.78] [-11.29] [13.28] [-7.31] [-2.13] 
[-5.30] [11.78] [-1.78] [3.90] [10.47] [-4.98] [-9.32] [9.56] [2.71] [2.98] [-7.85] [5.57] [11.62] [5.87] [4.38] [2.44] [10.55] [4.60] [-3.57] [2.83] [0.81] [15.95] [-0.42] [-4.14] [8.26] [-8.85] [7.95] [1.38] [13.54] [-8.31] [10.16] [4.92] [17.68] [-8.92] [-2.91] [10.17] [5.83] [0.15] [-3.69] [-2.30] [-5.18] [-6.25] [-3.51] [-3.84] [11.39] [3.92] [-4.83] [3.91] [-17.97] [-9.03] [-0.90] [13.18] [-10.44] [6.66] [4.48] [-0.14] [-2.51] [4.47] [-2.93] [-4.63] [9.56] [-2.67] [8.12] [4.64] [-6.42] [6.52] [3.24] [-0.01] [0.60] [5.55] [-9.61] [3.51] [-4.21] [3.97] [3.74] [-8.45] [-6.35] [4.98] [3.67] [-8.35] [12.09] [-4.43] [0.60] [3.28] [0.29] [-20.16] [1.08] [-3.52] [6.32] [-9.73] [7.32] [-1.36] [3.76] [0.08] [4.51] [-1.86] [-9.61] [4.20] [-3.91] [-7.59] 
[-7.97] [4.13] [-13.36] [4.57] [8.09] [0.26] [-2.53] [9.57] [8.31] [-3.06] [-3.70] [3.03] [14.19] [5.32] [15.88] [4.69] [2.42] [6.32] [0.46] [6.03] [0.44] [23.80] [-0.75] [8.91] [12.52] [1.67] [15.88] [8.41] [11.85] [-10.67] [-3.82] [6.77] [16.38] [-16.82] [-4.71] [6.27] [-1.24] [-0.56] [-10.41] [-4.50] [-6.46] [1.85] [2.94] [-3.11] [4.22] [3.79] [-5.21] [3.45] [-14.94] [-4.46] [8.13] [10.75] [-9.84] [3.29] [15.41] [-1.71] [-2.84] [8.59] [-3.13] [-14.24] [-1.05] [7.00] [3.28] [3.82] [-13.07] [-0.29] [-1.24] [-11.88] [7.86] [3.36] [-9.53] [3.79] [4.37] [-5.12] [-4.17] [-7.57] [-0.25] [-4.45] [-10.78] [-7.37] [13.40] [5.83] [4.31] [-3.75] [-0.50] [-21.68] [-2.75] [-12.96] [13.95] [-1.31] [5.85] [-8.65] [0.06] [-1.40] [1.73] [-10.22] [-7.78] [11.00] [-4.28] [2.25] 
[-4.77] [6.07] [-1.87] [4.40] [14.10] [-2.93] [-6.63] [18.54] [11.20] [4.79] [-2.99] [1.22] [9.31] [1.79] [2.26] [-1.28] [5.71] [-3.02] [-0.99] [-3.39] [0.84] [16.62] [8.76] [2.30] [13.04] [-10.44] [12.64] [6.86] [8.31] [0.97] [-0.30] [4.87] [14.30] [-8.45] [-3.30] [12.54] [0.25] [-6.97] [-4.03] [-6.88] [-1.92] [-5.28] [-10.90] [-4.91] [1.59] [1.91] [-6.03] [1.37] [-11.88] [-3.45] [2.28] [16.91] [-11.73] [9.07] [5.67] [-5.26] [-4.31] [9.31] [-6.19] [-6.18] [5.14] [2.40] [7.07] [2.36] [-14.97] [7.47] [12.01] [-3.04] [5.36] [7.38] [-10.94] [-5.52] [2.98] [-0.52] [-6.12] [4.29] [-5.68] [-2.89] [-0.28] [-7.79] [4.73] [-14.22] [2.09] [-5.34] [-0.10] [-18.57] [2.31] [-4.07] [3.23] [-3.58] [4.63] [-8.99] [5.09] [0.74] [6.53] [-3.42] [-16.23] [-2.43] [-10.44] [4.73] 
[-5.75] [4.88] [-10.31] [6.14] [9.04] [-4.06] [-4.71] [2.74] [4.07] [4.45] [-3.99] [2.08] [6.56] [0.83] [9.07] [-3.52] [7.19] [8.95] [2.38] [7.14] [4.38] [18.69] [12.59] [7.12] [5.38] [-15.12] [4.90] [5.89] [9.21] [2.42] [5.82] [5.48] [7.98] [-12.05] [-12.60] [3.81] [-8.12] [2.72] [-0.86] [-9.15] [-8.18] [-0.44] [0.62] [-1.60] [5.61] [0.32] [-0.02] [10.05] [-8.99] [-3.06] [4.34] [9.78] [-14.93] [9.95] [7.94] [-2.43] [-4.90] [5.42] [-7.12] [-5.52] [0.90] [2.60] [9.53] [-1.41] [-9.92] [3.64] [-0.67] [3.02] [5.93] [-4.97] [-8.04] [1.46] [-9.70] [6.46] [-0.47] [-4.18] [0.87] [6.57] [-0.67] [-8.20] [8.38] [6.03] [1.78] [-8.61] [10.01] [-17.84] [1.90] [-6.56] [5.45] [0.28] [-4.56] [-6.07] [8.32] [3.33] [6.06] [-8.60] [-12.52] [6.61] [-2.10] [-7.66] 
[-2.88] [12.24] [-12.55] [8.24] [6.63] [-1.24] [2.21] [9.23] [1.60] [0.83] [-14.13] [7.76] [11.44] [-2.19] [6.35] [4.05] [-0.76] [10.53] [-9.39] [4.49] [-2.54] [21.40] [3.56] [2.38] [10.32] [-9.44] [13.51] [6.95] [12.14] [-6.68] [12.30] [-1.89] [6.73] [-11.43] [0.47] [8.45] [6.07] [0.54] [-17.09] [-12.06] [-10.97] [-1.27] [-0.59] [-0.02] [1.12] [-1.61] [-3.92] [5.56] [-16.75] [-11.03] [6.92] [13.64] [-3.53] [5.95] [9.57] [6.05] [6.40] [11.51] [3.08] [-4.50] [7.10] [4.02] [-5.85] [-3.77] [-12.07] [5.65] [9.10] [-5.70] [9.45] [1.48] [-15.16] [-3.52] [-0.59] [4.40] [3.09] [-3.25] [-6.41] [3.76] [-0.68] [-7.99] [10.18] [-7.21] [1.43] [-10.64] [6.09] [-15.35] [0.13] [-4.65] [2.19] [0.83] [14.05] [1.85] [0.07] [-3.90] [4.06] [-3.53] [-4.76] [8.89] [-5.66] [-7.61] 
[-5.80] [3.24] [-8.15] [9.61] [9.23] [-3.92] [-5.46] [10.82] [12.76] [-3.23] [-10.16] [7.25] [19.73] [4.23] [3.47] [2.93] [4.10] [-1.51] [-0.42] [3.06] [-1.77] [12.85] [3.70] [-1.26] [12.55] [-5.37] [13.86] [10.11] [5.51] [-5.17] [-1.64] [-4.06] [-0.48] [-3.84] [2.64] [9.92] [9.58] [-1.83] [-5.12] [-7.46] [-10.93] [6.17] [-5.80] [2.76] [-1.47] [0.34] [0.80] [5.88] [-21.28] [-8.64] [-0.46] [9.83] [-7.00] [5.46] [7.57] [-2.17] [-5.35] [1.57] [-4.48] [-2.15] [0.67] [-0.83] [3.61] [5.27] [-17.81] [6.63] [8.85] [-3.10] [11.66] [1.04] [-7.56] [-0.54] [-2.70] [7.40] [-1.56] [-0.59] [-0.04] [-1.39] [0.53] [-8.73] [1.85] [-6.92] [-10.13] [3.65] [3.79] [-25.70] [6.57] [-13.09] [10.45] [1.27] [8.84] [-2.44] [-1.70] [5.25] [7.37] [-1.58] [-15.22] [-1.47] [-9.62] [-1.47] 
[-4.17] [13.43] [-8.77] [7.73] [7.25] [-2.90] [-1.60] [-0.17] [11.37] [-0.69] [-9.60] [10.52] [15.12] [5.35] [7.02] [4.05] [5.43] [-2.04] [-5.35] [-3.72] [9.64] [13.71] [2.38] [0.47] [11.80] [-12.93] [13.63] [7.10] [8.77] [-0.22] [5.25] [-2.85] [8.22] [-2.24] [-0.92] [10.40] [2.89] [0.99] [-9.67] [-4.44] [-9.08] [5.79] [0.49] [-0.03] [-1.72] [3.98] [9.27] [14.80] [-8.98] [-8.62] [0.60] [16.35] [-18.19] [0.19] [6.33] [3.25] [-3.28] [2.40] [2.38] [-7.44] [0.13] [7.94] [-0.81] [-1.91] [-8.33] [9.18] [7.12] [-3.59] [0.19] [3.26] [-8.71] [0.55] [-3.55] [-4.21] [-5.81] [-5.02] [-4.98] [2.31] [-2.78] [-10.28] [3.65] [-4.87] [-1.48] [-7.59] [9.09] [-22.77] [5.02] [-10.50] [1.48] [-1.93] [5.47] [2.04] [4.27] [6.20] [10.95] [0.14] [-13.35] [4.17] [-9.89] [4.23] 
[-2.84] [1.29] [-5.87] [6.39] [10.57] [-4.68] [-4.96] [4.40] [12.03] [1.08] [-4.04] [-0.38] [22.36] [9.89] [9.58] [3.28] [10.05] [2.10] [2.75] [5.44] [-0.41] [15.81] [0.90] [0.22] [16.11] [-9.97] [11.74] [10.56] [11.54] [-2.93] [2.39] [4.23] [7.99] [-10.67] [-3.24] [15.38] [-3.57] [9.96] [-2.85] [-8.45] [-2.44] [0.27] [-3.21] [1.98] [4.76] [-5.38] [-2.54] [8.42] [-14.18] [-11.82] [-4.62] [10.74] [-10.78] [5.47] [6.77] [-1.40] [-3.38] [14.09] [-4.16] [-8.62] [-3.42] [10.24] [0.35] [-7.97] [-12.31] [8.71] [1.69] [-0.37] [12.28] [5.80] [-22.77] [2.00] [-2.23] [14.28] [-1.44] [-3.15] [-2.75] [-3.59] [4.19] [-7.51] [2.81] [4.19] [0.09] [-1.83] [0.50] [-23.03] [-3.62] [-9.90] [-0.30] [-0.48] [6.34] [3.03] [7.50] [2.24] [10.08] [0.07] [-13.77] [1.69] [-8.45] [-4.16] 
[-13.01] [-3.54] [-8.77] [7.06] [3.35] [-8.37] [-1.21] [3.57] [19.34] [-2.63] [-15.97] [4.58] [11.68] [8.84] [-2.41] [4.06] [8.52] [-0.75] [1.21] [6.60] [3.84] [18.62] [0.67] [0.62] [9.20] [-8.41] [8.40] [8.90] [16.38] [-2.15] [7.00] [4.85] [3.35] [-7.34] [-9.04] [0.78] [10.13] [-3.03] [2.62] [-19.29] [-1.23] [-0.84] [-1.39] [-1.81] [0.70] [-2.40] [-6.07] [-3.41] [-18.62] [-4.15] [4.85] [18.95] [-1.78] [11.14] [3.95] [-1.61] [0.78] [6.49] [0.03] [-8.80] [-2.65] [4.10] [-0.67] [5.36] [-7.03] [8.02] [0.60] [0.95] [0.46] [-8.37] [-7.03] [7.68] [-6.65] [-0.50] [2.93] [-0.43] [-2.02] [0.50] [8.61] [-7.57] [8.65] [-0.86] [8.13] [-2.30] [6.95] [-23.68] [-1.07] [-12.29] [2.80] [-5.94] [4.29] [-5.82] [2.60] [1.86] [6.07] [5.74] [-14.36] [10.93] [-10.16] [-3.84] 
[-4.92] [5.17] [-6.80] [2.47] [7.03] [-7.88] [-2.46] [6.64] [12.74] [-4.01] [-5.58] [1.40] [15.22] [3.83] [7.19] [8.83] [12.45] [-1.43] [-4.03] [2.46] [3.96] [21.48] [-1.72] [2.84] [12.64] [-10.91] [15.44] [10.17] [6.98] [-1.93] [9.02] [-1.85] [3.84] [-2.38] [-0.06] [13.71] [-1.25] [-1.22] [-5.76] [-0.92] [-4.88] [5.79] [6.90] [-5.85] [9.11] [-6.16] [8.54] [-3.60] [-16.23] [-12.39] [0.70] [16.47] [-12.19] [4.59] [7.80] [2.05] [-5.65] [-3.48] [-1.65] [-11.17] [-2.54] [3.32] [-2.55] [3.59] [-10.41] [4.95] [4.86] [-5.29] [7.80] [-5.62] [-8.75] [-4.43] [-5.13] [7.78] [1.22] [-6.76] [2.07] [3.83] [-4.21] [-16.07] [9.80] [-6.96] [-8.65] [-7.73] [2.40] [-14.78] [2.22] [-3.75] [10.79] [-4.30] [7.40] [-0.55] [-0.30] [4.95] [2.41] [-3.03] [-18.38] [5.00] [-6.79] [-2.90] 
[-6.50] [3.53] [-7.31] [9.37] [-1.46] [-2.48] [-0.89] [7.98] [3.51] [2.56] [-12.38] [-3.43] [11.83] [-2.17] [3.26] [-2.77] [3.33] [2.26] [1.73] [10.88] [-3.17] [17.04] [1.94] [-0.76] [8.52] [-12.37] [15.36] [2.40] [9.47] [1.52] [11.90] [-9.40] [6.66] [-5.02] [4.92] [10.60] [5.15] [-7.36] [-6.43] [-11.73] [-2.26] [5.65] [-5.63] [-2.79] [7.89] [-8.33] [0.92] [6.39] [-16.32] [-7.96] [1.14] [10.80] [-6.70] [8.36] [4.13] [1.20] [-4.16] [9.70] [-1.30] [-2.74] [3.09] [-2.56] [1.50] [-5.89] [-8.89] [9.90] [6.85] [-10.38] [5.34] [-5.65] [-9.56] [-9.51] [5.34] [3.71] [-3.77] [-7.07] [-2.04] [2.79] [5.50] [-7.90] [6.86] [0.74] [6.16] [-1.58] [3.20] [-19.69] [0.39] [-6.73] [4.12] [2.68] [6.07] [-0.91] [-12.35] [8.99] [4.27] [-9.81] [-16.45] [2.59] [-2.32] [-2.53] 
[-12.23] [7.59] [-9.10] [9.10] [8.63] [2.60] [-0.53] [10.57] [8.70] [1.71] [-17.56] [7.12] [14.26] [8.44] [5.75] [3.26] [11.03] [-1.95] [1.21] [0.64] [4.88] [20.74] [1.68] [3.02] [11.44] [-2.27] [11.50] [1.32] [8.97] [1.23] [9.86] [-4.65] [9.84] [-11.33] [-6.46] [8.07] [1.68] [-1.55] [-3.19] [-2.37] [-7.62] [-1.95] [1.90] [-0.51] [1.13] [3.30] [4.21] [6.96] [-19.68] [-12.58] [1.29] [20.16] [-9.60] [7.28] [4.65] [-2.31] [1.32] [22.33] [-6.14] [-3.30] [0.29] [8.12] [-3.49] [-1.02] [-15.56] [12.06] [5.56] [-4.74] [11.57] [1.34] [-14.09] [-3.07] [-5.27] [1.63] [-2.25] [-8.19] [-2.20] [-9.85] [-0.34] [-9.73] [0.00] [-6.62] [-10.94] [-10.84] [6.67] [-26.36] [3.45] [-10.52] [7.91] [-2.18] [11.47] [-4.71] [3.43] [1.77] [2.65] [4.50] [-14.28] [10.01] [-0.92] [-2.68] 
[-1.58] [0.04] [-8.20] [7.80] [18.75] [-4.57] [-4.59] [10.74] [9.52] [8.33] [-10.38] [1.96] [12.90] [3.09] [3.23] [6.17] [8.14] [-1.11] [3.09] [4.16] [-0.62] [14.72] [-3.50] [-1.54] [11.27] [-10.45] [17.37] [5.12] [12.62] [-1.69] [5.59] [3.74] [6.13] [-6.63] [-7.21] [10.16] [6.52] [0.29] [-3.81] [-4.48] [-5.78] [-6.34] [1.76] [-0.18] [11.08] [-2.47] [1.34] [8.14] [-11.36] [-9.06] [3.46] [9.80] [-18.87] [15.05] [4.52] [-0.67] [6.56] [9.38] [-6.08] [-2.94] [1.07] [1.58] [9.32] [1.57] [-16.18] [-0.01] [8.11] [-10.28] [9.67] [7.24] [-10.84] [-5.52] [2.20] [-1.36] [-3.13] [-4.44] [-7.16] [3.32] [-2.92] [-8.74] [5.93] [-3.95] [-3.85] [-4.46] [1.28] [-21.80] [5.68] [-3.45] [2.74] [-6.31] [14.08] [-10.99] [-0.87] [5.45] [1.25] [-1.41] [-5.90] [3.86] [5.36] [4.21] 
[-7.10] [0.25] [-8.32] [9.33] [10.62] [0.86] [-8.03] [13.31] [9.66] [-0.06] [-0.93] [3.62] [14.66] [4.79] [4.64] [9.24] [5.98] [1.67] [-1.55] [5.48] [1.39] [16.06] [-0.56] [4.73] [12.89] [-11.45] [14.76] [6.12] [9.65] [-6.12] [1.77] [-3.68] [11.19] [-9.54] [-2.60] [11.08] [-1.18] [-3.77] [-4.36] [-16.52] [0.03] [3.03] [-2.74] [10.01] [0.52] [-1.03] [-5.71] [2.88] [-21.39] [-9.14] [2.01] [19.77] [-15.38] [7.66] [5.60] [-1.85] [4.77] [10.50] [1.85] [-8.00] [-6.50] [3.17] [-11.89] [0.39] [-13.08] [-0.21] [7.66] [-6.94] [11.14] [2.14] [-17.00] [1.38] [0.74] [5.96] [3.77] [2.01] [-3.82] [0.87] [-3.04] [-2.35] [8.13] [-6.18] [-4.62] [-1.13] [1.55] [-19.82] [7.73] [-11.73] [3.08] [-8.60] [0.94] [-3.82] [0.16] [3.66] [12.60] [-5.07] [-7.79] [-1.22] [-7.16] [-3.49] 
[-8.47] [14.33] [-16.20] [9.25] [7.90] [3.47] [-2.84] [13.95] [9.14] [-0.72] [2.20] [4.89] [11.09] [11.02] [2.48] [-2.29] [3.04] [1.79] [-1.57] [3.68] [-0.60] [13.43] [-0.51] [4.31] [5.29] [-16.17] [6.73] [10.48] [13.54] [6.45] [6.71] [6.21] [18.67] [-13.41] [0.08] [10.15] [9.54] [-0.17] [-2.92] [-8.50] [-3.05] [2.33] [6.59] [-0.85] [-4.29] [3.11] [1.29] [10.62] [-21.70] [0.22] [-4.31] [10.12] [-4.53] [5.43] [11.01] [1.75] [-5.84] [8.69] [-2.38] [-4.93] [-0.43] [-1.40] [-3.91] [-4.93] [-9.08] [16.13] [0.35] [-6.59] [8.42] [-5.54] [-16.15] [0.95] [-5.57] [-1.69] [3.54] [2.47] [-5.59] [0.63] [-2.83] [-5.62] [5.67] [-9.86] [-1.33] [-9.46] [2.30] [-19.38] [1.00] [-11.11] [5.24] [-11.72] [1.71] [-4.06] [4.47] [3.23] [0.10] [2.56] [-15.55] [2.41] [0.82] [-3.02] 
[-3.96] [12.73] [-10.87] [4.22] [10.04] [2.60] [-6.76] [11.03] [9.44] [-7.89] [-5.23] [-1.27] [10.33] [8.78] [-1.06] [2.89] [5.78] [3.86] [5.05] [3.66] [0.34] [19.83] [2.40] [0.94] [12.06] [1.32] [12.54] [2.38] [13.82] [-2.83] [3.68] [8.73] [9.26] [-8.22] [0.04] [4.53] [1.67] [-1.48] [-5.36] [-11.01] [-16.50] [1.43] [-2.36] [3.34] [2.70] [-10.85] [0.83] [2.40] [-25.65] [-10.69] [-0.24] [13.46] [-14.31] [7.04] [3.65] [1.41] [-6.18] [11.02] [-6.22] [-2.14] [-3.48] [5.75] [4.05] [-1.34] [-6.26] [14.36] [7.26] [-5.35] [-0.29] [-0.19] [-13.60] [-3.16] [2.06] [6.82] [3.06] [-1.56] [-1.60] [-2.65] [-2.41] [-10.36] [4.35] [6.25] [4.03] [-5.45] [4.70] [-25.36] [-0.33] [-11.96] [6.55] [-10.80] [-2.96] [-11.08] [-7.46] [4.21] [7.65] [-1.92] [-19.63] [5.68] [-3.89] [-10.26] 
[1.19] [5.70] [-9.09] [6.66] [8.72] [-1.69] [-6.36] [8.81] [13.27] [-3.27] [-11.22] [3.53] [12.21] [2.38] [9.05] [7.93] [4.12] [-2.10] [4.52] [8.77] [-6.39] [12.15] [-0.20] [0.75] [18.76] [-7.64] [10.97] [-0.15] [11.63] [4.11] [7.84] [-0.27] [19.07] [-6.58] [0.21] [-4.28] [6.53] [2.82] [2.21] [-5.26] [-2.07] [2.50] [-3.04] [4.30] [-3.70] [2.07] [-2.22] [-0.35] [-19.83] [-10.31] [3.10] [11.37] [-15.10] [9.83] [7.29] [-0.63] [-7.82] [8.45] [-3.33] [-8.93] [-7.56] [-3.38] [1.44] [3.96] [-8.28] [5.49] [7.14] [-5.59] [4.16] [2.91] [-12.85] [4.81] [-2.80] [4.67] [1.94] [-6.14] [-2.68] [-1.53] [-1.83] [-8.17] [5.55] [-4.19] [3.01] [-12.17] [4.87] [-20.99] [-0.38] [-6.17] [14.40] [-3.12] [7.73] [-5.78] [2.13] [-8.02] [6.56] [-0.43] [-7.02] [10.50] [-4.44] [-3.70] 
[-5.32] [4.36] [-14.39] [8.78] [2.74] [4.88] [-12.06] [8.29] [13.12] [1.19] [-8.96] [10.21] [17.73] [9.05] [6.83] [8.58] [2.26] [2.92] [-6.51] [-0.96] [-8.46] [15.81] [9.44] [-3.16] [16.55] [-8.77] [11.44] [9.31] [5.76] [-3.15] [11.33] [1.49] [14.99] [1.39] [-0.19] [5.36] [1.63] [1.71] [-4.79] [-9.35] [-4.99] [-1.74] [-0.13] [-6.94] [0.59] [-5.66] [2.46] [3.66] [-11.53] [-8.14] [7.55] [11.88] [-15.75] [8.16] [-0.78] [-0.06] [6.64] [3.92] [-5.51] [-8.86] [-4.26] [2.61] [0.01] [-3.50] [-8.28] [11.27] [10.04] [-3.20] [3.82] [-3.77] [-6.79] [1.63] [0.25] [1.56] [-5.14] [-7.56] [2.88] [-1.03] [-0.84] [-6.71] [9.82] [-3.74] [-4.34] [-5.16] [4.73] [-19.28] [3.01] [1.32] [11.37] [-6.77] [2.50] [-4.55] [-0.56] [-4.50] [7.97] [4.58] [-8.10] [0.76] [-4.84] [-10.87] 
[-3.87] [-0.58] [-8.17] [2.47] [6.61] [1.45] [7.11] [12.63] [8.95] [2.16] [-4.78] [-1.14] [16.15] [2.99] [-4.38] [3.80] [4.20] [-2.40] [-4.81] [2.55] [1.05] [16.97] [6.35] [3.43] [16.02] [-14.44] [11.32] [4.12] [17.86] [-4.42] [6.33] [3.12] [1.67] [-7.82] [-0.42] [11.11] [-0.98] [-0.92] [-10.53] [-3.52] [-3.39] [-11.09] [0.82] [-0.79] [5.51] [1.87] [-3.68] [3.89] [-13.89] [-12.58] [-0.15] [12.58] [-11.15] [11.87] [5.51] [-7.89] [4.11] [7.75] [-1.91] [-1.10] [-1.11] [3.96] [-2.61] [-1.96] [-18.42] [8.63] [8.23] [-6.89] [3.81] [-0.74] [-17.09] [-8.09] [-2.54] [-3.22] [0.33] [-8.99] [5.39] [-2.31] [-9.82] [-6.99] [6.78] [-0.03] [2.23] [-2.52] [5.33] [-19.26] [1.17] [-8.52] [10.25] [-5.69] [1.08] [-9.77] [2.22] [-2.68] [0.86] [6.41] [-9.80] [10.66] [-2.47] [3.37] 
[-9.07] [6.63] [-7.37] [8.11] [6.19] [-3.42] [4.21] [19.41] [8.92] [-0.14] [-9.99] [2.06] [21.09] [7.79] [3.38] [11.48] [3.48] [6.63] [-11.95] [10.89] [1.72] [17.27] [6.03] [-3.51] [15.28] [-12.73] [11.20] [0.76] [11.90] [-5.37] [4.13] [-4.01] [3.67] [-10.19] [-9.81] [4.43] [-1.19] [1.62] [-7.55] [-14.03] [-1.37] [-7.72] [-4.87] [-4.07] [5.25] [0.33] [-6.05] [8.29] [-13.26] [-9.17] [8.20] [16.33] [-11.90] [6.22] [4.44] [-1.27] [-1.97] [12.93] [6.84] [-5.83] [-5.01] [11.84] [-7.27] [2.57] [-10.44] [11.46] [-0.22] [-2.22] [4.19] [6.71] [-14.48] [4.15] [2.64] [1.76] [-5.05] [-0.13] [-0.04] [1.69] [-4.56] [0.11] [5.62] [-4.10] [1.87] [-5.49] [3.24] [-23.96] [10.07] [-2.54] [6.16] [3.44] [8.42] [-7.11] [10.39] [-4.15] [8.67] [-4.89] [-6.77] [1.72] [-2.68] [-2.39] 
[-10.91] [7.11] [-9.81] [6.55] [6.05] [0.74] [-5.39] [16.42] [9.33] [1.10] [-5.33] [4.32] [13.77] [-2.61] [-4.65] [9.69] [0.42] [2.82] [-0.99] [6.08] [7.34] [16.73] [-2.53] [2.97] [12.95] [-7.92] [7.94] [7.80] [11.59] [-6.14] [2.05] [4.38] [6.84] [-11.93] [4.44] [11.12] [2.72] [-3.37] [-3.89] [-17.73] [-2.98] [-3.34] [-1.11] [2.31] [4.23] [-2.60] [0.64] [6.26] [-21.78] [-10.51] [2.22] [18.66] [-1.75] [8.66] [0.67] [-3.94] [-9.24] [2.73] [-2.46] [-12.33] [-1.83] [6.29] [2.43] [-12.16] [-13.27] [5.86] [3.48] [-3.47] [4.05] [0.56] [-11.62] [3.06] [-1.80] [3.74] [-0.11] [1.51] [-0.99] [0.06] [-2.30] [-11.11] [15.26] [2.24] [-9.32] [-4.74] [1.36] [-21.83] [1.56] [-6.53] [11.98] [-3.43] [7.72] [-13.72] [8.44] [3.11] [2.37] [-5.37] [-11.79] [12.17] [-1.90] [-8.56] 
[-11.75] [0.87] [-7.23] [2.43] [10.72] [-5.74] [-3.54] [16.34] [8.46] [-0.72] [-11.22] [2.99] [14.90] [3.83] [1.57] [-1.97] [4.10] [-1.07] [5.72] [4.85] [-4.03] [17.52] [5.46] [-1.15] [12.82] [-4.53] [8.89] [3.14] [3.46] [-8.76] [14.18] [-1.42] [10.47] [-13.18] [-5.84] [8.88] [1.09] [-7.27] [-5.16] [-14.17] [-5.94] [4.24] [-2.83] [3.84] [-0.44] [-3.40] [-4.78] [9.05] [-12.10] [-17.75] [5.51] [11.76] [-12.94] [8.97] [5.39] [-0.77] [-2.24] [13.62] [-0.66] [-9.23] [7.35] [-3.53] [7.77] [-2.82] [-13.81] [3.15] [3.91] [-7.26] [-4.78] [-1.42] [-9.75] [-0.94] [-6.62] [1.28] [-0.45] [0.93] [4.22] [-3.18] [-0.90] [-6.30] [7.10] [2.50] [-4.12] [-0.85] [5.53] [-18.48] [2.35] [-13.99] [8.19] [0.04] [13.31] [-14.54] [-6.77] [-2.80] [7.41] [-9.00] [-7.78] [2.60] [-3.44] [-9.99] 
[-6.19] [14.66] [-15.49] [3.66] [9.69] [4.25] [-6.72] [10.30] [10.90] [3.23] [0.37] [-3.91] [6.23] [2.14] [-0.49] [-0.04] [3.61] [4.44] [8.53] [4.86] [-0.61] [19.29] [9.20] [1.09] [20.22] [-5.78] [9.02] [12.20] [11.91] [-3.39] [7.52] [4.11] [13.15] [-7.90] [-3.42] [-2.38] [1.24] [-3.22] [-9.71] [-4.56] [0.65] [-0.18] [2.72] [3.42] [6.59] [-0.05] [-3.63] [1.05] [-25.86] [-18.31] [-1.40] [16.55] [-13.81] [7.68] [7.20] [-10.37] [-2.29] [6.04] [-8.11] [-10.39] [-3.39] [10.05] [-0.77] [-0.21] [-10.79] [5.25] [13.48] [-4.29] [10.26] [9.24] [-13.98] [4.89] [0.62] [9.78] [-1.13] [-2.27] [2.35] [3.04] [-5.43] [-1.45] [12.80] [-5.99] [7.75] [3.62] [2.52] [-17.98] [-2.83] [-10.31] [13.72] [-9.57] [7.00] [-8.72] [1.72] [3.35] [4.56] [-7.56] [-12.88] [6.92] [4.80] [-7.84] 
[-7.77] [6.78] [-14.80] [1.69] [3.92] [1.68] [-1.35] [8.96] [15.99] [-0.46] [-12.05] [7.74] [10.48] [8.28] [6.64] [11.96] [-1.10] [-5.75] [-2.77] [3.57] [3.33] [9.93] [1.43] [9.63] [14.13] [-2.54] [6.24] [2.76] [4.88] [-0.18] [1.82] [-0.83] [6.19] [-7.15] [-0.20] [6.61] [-5.18] [-2.52] [-5.26] [-13.22] [-3.28] [7.13] [3.40] [-3.14] [-0.67] [-3.28] [6.95] [0.43] [-20.26] [-3.30] [8.41] [18.46] [-5.33] [9.43] [2.65] [-4.64] [0.60] [3.23] [-3.11] [-0.23] [2.60] [-2.68] [5.49] [-0.36] [-11.16] [9.68] [7.40] [-5.00] [-1.42] [-0.33] [-14.66] [-3.07] [4.68] [1.69] [3.17] [-13.61] [-0.50] [-7.44] [3.19] [-3.30] [13.67] [4.13] [-0.80] [-4.04] [6.25] [-23.67] [11.41] [-11.65] [1.16] [0.56] [4.96] [-4.26] [3.46] [2.56] [12.89] [7.06] [-15.50] [8.68] [-8.75] [0.38] 
[-10.93] [9.24] [-12.69] [10.49] [10.00] [-0.22] [-2.78] [11.88] [3.25] [-1.02] [-8.78] [2.23] [18.29] [4.40] [-4.80] [2.79] [4.36] [2.28] [2.43] [0.48] [4.51] [17.48] [3.87] [4.23] [9.43] [-7.83] [11.43] [3.28] [11.50] [-0.30] [12.88] [8.29] [1.96] [-9.11] [5.30] [8.95] [3.67] [-0.11] [-6.14] [-16.14] [-0.10] [-1.80] [2.83] [-4.99] [2.36] [-7.55] [-5.86] [3.78] [-16.59] [-9.60] [3.98] [10.60] [-14.74] [12.55] [6.87] [3.13] [-2.49] [10.24] [4.94] [-1.73] [2.63] [6.73] [-1.07] [-8.05] [-8.29] [7.45] [11.30] [-8.26] [6.14] [2.37] [-7.11] [4.52] [3.61] [5.37] [-5.48] [-6.40] [-5.57] [0.60] [4.93] [-5.30] [7.95] [-7.17] [2.53] [2.10] [3.87] [-36.63] [5.29] [-4.59] [4.66] [-9.90] [6.04] [-8.58] [4.95] [4.16] [3.32] [-6.06] [-4.39] [5.38] [-8.56] [3.69] 
[-2.61] [2.60] [-3.14] [7.22] [10.90] [-2.47] [-4.05] [13.75] [6.78] [-10.13] [-5.43] [-1.46] [18.36] [9.31] [7.82] [-0.86] [2.41] [-1.48] [-1.12] [4.17] [3.56] [19.59] [-3.60] [5.20] [13.18] [-6.85] [16.35] [7.31] [6.57] [1.13] [5.53] [0.35] [16.38] [-4.81] [-8.64] [10.93] [1.76] [-2.47] [-0.55] [-11.03] [-3.41] [1.08] [4.00] [-6.37] [6.39] [-8.70] [-2.79] [5.49] [-14.48] [2.10] [2.61] [4.89] [-14.61] [7.46] [6.86] [0.64] [-0.27] [10.23] [-0.33] [-7.31] [-4.28] [-0.03] [-1.32] [-4.83] [-16.91] [12.90] [5.44] [-14.19] [11.45] [-1.01] [-13.56] [1.16] [7.50] [2.60] [-4.99] [-6.64] [-4.21] [-7.62] [3.20] [-7.13] [15.12] [-0.54] [3.39] [-3.94] [2.42] [-18.07] [2.45] [-0.70] [11.47] [-1.08] [11.36] [0.11] [6.04] [-2.67] [-1.44] [-7.22] [-11.55] [-2.25] [0.75] [8.18] 
[-2.67] [4.85] [-11.73] [6.75] [9.00] [4.38] [-4.08] [9.37] [6.13] [-0.92] [-7.14] [6.02] [18.32] [6.14] [6.80] [0.65] [6.44] [2.33] [1.83] [2.51] [2.89] [23.12] [6.00] [-1.75] [15.71] [-4.39] [12.18] [0.48] [5.54] [-5.68] [-1.45] [-2.01] [8.07] [-7.74] [-2.54] [11.95] [-1.87] [-2.38] [5.63] [-5.61] [-5.59] [6.28] [1.39] [-0.87] [10.30] [2.78] [-2.16] [8.21] [-13.15] [-6.35] [5.88] [16.80] [-11.42] [6.07] [3.04] [-0.53] [-5.06] [6.31] [-0.43] [-5.70] [4.14] [-1.01] [0.71] [3.11] [-14.62] [12.14] [-0.54] [-5.40] [6.33] [0.39] [-11.12] [-1.10] [-7.99] [4.99] [7.49] [-6.24] [-0.30] [5.27] [-5.13] [-4.40] [14.10] [-3.82] [-1.16] [-1.88] [4.65] [-22.67] [-0.44] [-4.17] [9.63] [-3.86] [11.54] [-14.72] [-9.33] [-2.26] [5.20] [-4.39] [-17.90] [3.30] [-4.73] [-1.04] 
[-11.22] [6.03] [-12.31] [8.66] [6.59] [-3.05] [-5.28] [12.42] [7.63] [-5.62] [-11.85] [5.85] [16.51] [4.70] [-2.55] [11.62] [8.22] [5.33] [2.04] [9.80] [-2.68] [21.05] [1.66] [-7.58] [12.57] [-11.74] [6.76] [9.64] [7.71] [-0.24] [4.67] [-1.33] [1.73] [-9.42] [-6.21] [3.65] [3.21] [-4.54] [-5.11] [-5.44] [-6.48] [-1.10] [3.76] [3.65] [0.99] [-2.59] [-2.12] [16.09] [-11.26] [-2.36] [-7.21] [18.22] [-17.00] [13.03] [4.21] [-1.32] [3.12] [14.63] [-1.71] [-4.40] [-0.26] [2.14] [1.22] [-3.63] [-9.98] [7.24] [6.60] [-10.07] [8.26] [-0.17] [-13.57] [5.13] [-2.16] [1.09] [1.93] [2.88] [-3.67] [3.39] [-3.17] [-14.71] [4.82] [-1.80] [3.75] [-1.72] [9.60] [-21.54] [5.90] [-4.27] [-7.21] [-8.14] [11.97] [-13.45] [10.91] [3.33] [10.53] [0.33] [-5.93] [14.61] [-11.23] [-4.12] 
[-0.85] [3.97] [-15.46] [6.62] [-0.27] [-1.89] [-8.69] [14.12] [12.55] [0.83] [-8.21] [2.94] [17.95] [8.40] [4.18] [-0.88] [2.87] [7.13] [-6.08] [8.20] [0.91] [16.89] [2.27] [5.44] [22.10] [-4.03] [9.70] [14.38] [6.28] [4.13] [11.78] [7.96] [8.37] [-9.80] [-0.48] [15.27] [-2.97] [6.43] [-9.06] [-6.66] [-2.72] [1.28] [-4.21] [-2.68] [3.24] [-4.74] [-0.95] [5.06] [-25.34] [-9.68] [-0.61] [22.02] [-16.73] [4.58] [11.96] [-6.46] [-5.28] [10.04] [2.82] [-4.02] [-4.07] [-0.53] [3.92] [5.41] [-13.63] [11.10] [10.51] [-0.48] [-3.63] [-0.79] [-10.83] [2.58] [-2.81] [2.59] [1.84] [-6.93] [5.79] [0.80] [-2.13] [-6.37] [3.52] [-1.06] [3.46] [-2.42] [5.12] [-23.94] [2.36] [-8.68] [-4.49] [-13.79] [9.60] [-5.78] [-1.75] [-5.12] [7.47] [-5.57] [-17.27] [11.87] [-10.01] [-7.31] 
[-11.91] [13.09] [-5.00] [3.23] [7.56] [1.72] [-4.00] [14.93] [11.74] [-4.52] [-7.78] [-2.62] [11.47] [3.25] [-0.41] [-8.39] [-1.25] [2.37] [-3.14] [5.44] [3.36] [20.09] [5.54] [1.07] [13.07] [-5.97] [9.22] [6.28] [7.22] [-8.67] [7.48] [9.90] [16.34] [-7.33] [-3.53] [5.70] [5.53] [-3.94] [0.86] [-13.02] [-11.03] [-0.19] [-3.85] [3.28] [6.06] [-1.89] [-12.05] [4.01] [-15.68] [-10.25] [3.06] [8.45] [-10.26] [6.03] [10.00] [4.14] [-2.24] [6.44] [-1.86] [-6.54] [-7.66] [3.52] [7.00] [-1.90] [-6.40] [8.12] [6.91] [-4.48] [6.26] [4.24] [-15.66] [-3.25] [-5.04] [2.12] [-0.36] [0.02] [1.82] [1.90] [-2.34] [-8.62] [1.75] [1.85] [-0.53] [-0.73] [6.89] [-23.73] [4.66] [-6.47] [12.25] [-5.30] [16.47] [-4.06] [5.60] [-0.24] [11.21] [1.11] [-3.41] [7.29] [-12.51] [-7.67] 
[-4.37] [5.41] [-7.42] [4.93] [4.55] [0.85] [-3.61] [5.32] [14.75] [-1.51] [-7.82] [2.43] [11.64] [5.72] [4.22] [-0.21] [12.54] [-0.66] [-4.03] [7.59] [-4.14] [14.43] [4.75] [-2.34] [7.30] [-9.54] [14.95] [4.99] [9.57] [5.48] [2.46] [-0.08] [10.12] [-2.91] [2.23] [8.82] [6.09] [-6.99] [-4.18] [-3.92] [-3.53] [6.44] [-4.23] [0.16] [9.32] [4.07] [-0.10] [17.76] [-25.83] [-10.43] [8.63] [10.73] [-10.13] [7.22] [5.20] [2.88] [-9.99] [9.92] [-1.55] [-13.08] [1.01] [-6.44] [0.73] [-2.90] [-12.97] [15.31] [13.60] [-2.18] [14.51] [-1.30] [-12.34] [3.32] [4.85] [11.06] [-4.77] [-6.88] [-8.16] [-0.56] [-8.31] [-2.99] [8.93] [-7.95] [-9.03] [-1.78] [-0.87] [-25.88] [5.79] [-1.10] [1.83] [-4.00] [4.45] [-3.00] [2.79] [2.74] [2.60] [-0.57] [-3.58] [12.69] [-2.51] [2.92] 
[-7.99] [2.27] [-4.31] [7.45] [0.53] [-3.75] [-8.27] [13.19] [12.58] [-3.75] [-9.14] [-0.14] [16.65] [-0.45] [5.40] [-0.37] [-5.72] [1.56] [-3.39] [5.40] [1.99] [16.79] [5.76] [1.72] [15.25] [-9.42] [12.94] [5.50] [3.48] [-10.47] [8.26] [1.03] [12.43] [-6.30] [-5.23] [0.89] [-1.61] [-6.94] [-9.03] [-11.75] [-6.80] [-0.58] [-4.76] [-2.25] [9.94] [2.29] [6.31] [5.62] [-14.70] [-10.11] [-0.64] [12.32] [-15.23] [0.34] [10.03] [-2.45] [-5.70] [1.42] [-1.15] [-4.05] [-2.45] [1.29] [4.17] [0.93] [-13.82] [9.94] [1.60] [4.01] [7.17] [-0.33] [-15.80] [-0.43] [-0.60] [7.76] [0.82] [-6.26] [-3.24] [5.46] [0.23] [-5.30] [7.91] [2.19] [3.44] [4.45] [0.03] [-14.65] [3.11] [-4.33] [11.76] [1.53] [4.73] [-8.08] [-1.22] [6.47] [7.84] [0.31] [-7.74] [-0.61] [-1.40] [-1.84] 
[-10.57] [9.77] [-14.53] [1.35] [9.32] [-5.26] [-2.22] [-0.02] [17.81] [-1.77] [-5.38] [5.77] [9.56] [5.75] [-4.19] [2.29] [10.96] [0.04] [2.14] [7.03] [11.30] [20.13] [4.90] [2.25] [9.03] [-15.13] [11.28] [7.26] [12.44] [-0.61] [4.03] [6.16] [13.25] [-9.66] [-7.23] [8.24] [5.74] [-4.73] [-6.94] [-16.04] [-6.49] [-2.75] [0.32] [3.37] [1.16] [0.47] [-1.79] [11.22] [-21.05] [-9.33] [6.20] [14.68] [-15.59] [13.31] [7.17] [3.56] [-3.46] [0.73] [0.58] [-1.76] [-6.50] [0.84] [-1.39] [2.24] [-18.35] [5.28] [5.91] [-10.18] [1.99] [2.01] [-7.64] [0.55] [-5.16] [7.05] [4.62] [-6.06] [-4.65] [-4.05] [-5.06] [-3.17] [2.08] [-1.52] [-5.39] [2.98] [8.71] [-21.81] [0.66] [-4.42] [9.73] [0.46] [3.12] [-12.44] [4.07] [1.91] [-1.95] [-9.68] [-8.39] [7.85] [2.52] [3.21] 
[-6.78] [8.93] [-6.76] [4.02] [6.37] [-4.39] [-6.50] [9.74] [3.90] [2.56] [-12.26] [-1.15] [15.01] [1.58] [0.37] [8.90] [11.59] [1.22] [3.89] [3.56] [2.77] [26.16] [1.63] [1.99] [10.12] [-4.73] [5.82] [11.10] [10.18] [-2.02] [5.42] [-0.74] [11.02] [-11.13] [-6.39] [7.29] [1.29] [-11.71] [-2.79] [-5.46] [-5.11] [7.39] [0.15] [-5.56] [1.51] [-4.00] [4.75] [-2.81] [-20.56] [-10.12] [2.45] [9.33] [-18.32] [-1.98] [4.67] [2.37] [-1.34] [7.10] [-7.27] [-6.46] [-5.79] [3.27] [-1.98] [0.21] [-13.58] [5.14] [6.57] [-8.38] [6.99] [3.54] [-14.04] [10.80] [2.02] [6.82] [-1.67] [-5.27] [-0.48] [0.27] [1.32] [-9.58] [9.74] [-7.82] [-3.26] [-5.24] [9.91] [-17.19] [-0.27] [-2.68] [6.75] [-0.47] [4.75] [-8.95] [9.73] [-0.93] [6.83] [-8.76] [-10.00] [11.19] [-11.24] [-7.64] 
[-15.02] [1.52] [-10.96] [9.87] [7.65] [3.95] [-5.19] [10.07] [11.58] [4.58] [-8.90] [-3.55] [24.85] [3.27] [8.62] [5.23] [7.72] [9.71] [1.08] [2.64] [-9.37] [22.18] [4.88] [-5.69] [15.41] [-8.15] [14.76] [1.73] [11.49] [1.88] [12.99] [0.47] [11.25] [-12.56] [-2.45] [9.24] [-0.23] [-7.08] [-9.22] [-4.57] [-7.53] [-2.56] [4.90] [-6.29] [0.41] [-6.44] [-4.99] [3.50] [-14.71] [-6.39] [3.28] [18.78] [-17.34] [11.19] [12.24] [1.86] [1.70] [11.05] [1.59] [-11.92] [5.78] [5.60] [2.10] [-2.73] [-14.14] [5.52] [8.38] [-2.28] [1.59] [4.46] [-14.39] [1.13] [-4.64] [-0.64] [-0.38] [-4.38] [-4.80] [-6.42] [-1.56] [-6.57] [12.02] [-3.68] [8.80] [-5.63] [3.88] [-22.38] [1.64] [-11.12] [6.10] [-2.09] [5.75] [-5.32] [0.56] [3.82] [1.14] [-13.92] [-11.91] [6.70] [-3.99] [-5.23] 
[-10.69] [12.10] [-10.48] [3.05] [3.20] [3.91] [-10.37] [8.74] [12.12] [-0.30] [-7.43] [9.34] [22.82] [2.56] [8.14] [4.95] [2.88] [3.48] [3.50] [2.05] [6.16] [23.19] [2.91] [6.67] [7.52] [-8.40] [11.20] [1.05] [-1.12] [7.41] [3.51] [-0.15] [5.86] [-8.60] [1.85] [9.88] [4.36] [-1.26] [-2.29] [-6.06] [-1.39] [-4.14] [4.00] [-12.12] [4.12] [5.25] [-5.32] [6.13] [-10.72] [-9.78] [2.60] [16.11] [-15.26] [13.10] [1.67] [7.22] [0.16] [10.97] [-9.63] [-6.20] [1.02] [2.34] [-0.64] [-5.83] [-12.59] [8.53] [10.18] [3.95] [14.00] [2.88] [-7.36] [-4.32] [-2.90] [6.02] [-4.12] [-2.44] [-1.92] [-6.01] [-3.07] [-4.97] [7.02] [-6.26] [0.17] [-4.81] [9.64] [-19.55] [1.36] [-12.99] [5.35] [-5.47] [2.27] [-0.53] [1.54] [0.46] [9.31] [-4.02] [-13.31] [6.71] [-3.55] [-1.69] 
[-1.82] [-2.07] [-5.69] [1.56] [8.04] [3.19] [-4.12] [20.08] [6.05] [-0.74] [-14.11] [0.46] [12.78] [9.10] [8.37] [1.89] [3.52] [3.16] [4.27] [7.11] [2.85] [13.61] [2.15] [0.78] [23.48] [-6.90] [17.85] [2.87] [7.36] [-4.42] [8.23] [2.23] [6.99] [-4.31] [-0.88] [6.08] [4.58] [-3.22] [-7.34] [-4.77] [-5.71] [-1.37] [-1.18] [5.40] [4.18] [-6.49] [0.27] [6.34] [-19.09] [-8.24] [8.30] [13.46] [-13.37] [9.98] [11.35] [3.73] [4.53] [4.83] [-4.84] [-16.55] [5.82] [-1.86] [7.43] [-3.25] [-12.61] [6.64] [10.29] [-4.15] [10.96] [-4.07] [-7.99] [0.79] [-1.89] [-3.31] [-5.61] [-4.24] [3.39] [1.74] [-6.66] [-3.95] [6.52] [-5.67] [-1.19] [-1.04] [-3.73] [-22.05] [1.39] [-12.37] [3.73] [-3.44] [5.84] [-6.70] [-1.20] [5.41] [-1.89] [-7.18] [-8.85] [8.26] [-1.81] [-2.49] 
[-13.97] [-0.28] [-6.82] [7.69] [11.62] [-1.83] [-2.84] [8.78] [12.37] [-8.53] [-12.07] [3.69] [21.48] [4.54] [1.13] [1.02] [4.70] [-3.49] [3.88] [0.94] [0.07] [20.92] [8.31] [-0.10] [22.62] [-5.53] [3.33] [1.68] [7.35] [2.87] [2.68] [-4.40] [9.00] [-21.14] [-4.74] [8.43] [7.06] [1.42] [-5.95] [-12.01] [-5.13] [-7.30] [3.07] [-2.24] [10.43] [-2.80] [-9.60] [1.00] [-12.54] [-5.47] [8.59] [9.18] [-11.51] [10.10] [11.94] [-0.80] [-6.01] [2.04] [-4.05] [-5.93] [-1.00] [-0.81] [7.13] [-3.67] [-18.61] [14.39] [8.73] [-5.34] [4.39] [-5.33] [-14.37] [4.80] [-3.91] [0.34] [-1.52] [-4.03] [-2.32] [-1.34] [3.41] [-8.74] [14.89] [-2.93] [-3.74] [-6.46] [-0.55] [-24.58] [3.22] [-4.21] [8.82] [-4.92] [3.17] [-12.76] [-1.02] [-1.11] [-1.09] [-3.76] [-12.06] [6.51] [-10.51] [-6.29] 
[-3.71] [4.46] [-5.63] [4.19] [5.29] [-4.95] [-8.16] [8.65] [4.06] [0.30] [-6.53] [2.26] [19.61] [1.44] [5.24] [9.64] [0.54] [2.64] [-8.61] [10.87] [7.43] [20.06] [3.71] [9.58] [22.12] [-2.62] [6.68] [5.54] [0.83] [0.07] [6.43] [-4.42] [5.58] [-11.36] [-3.62] [12.82] [7.76] [-1.92] [0.39] [-1.58] [-2.75] [5.78] [-1.33] [-2.77] [4.10] [1.09] [1.08] [9.27] [-17.56] [-6.38] [3.11] [16.52] [-11.49] [9.96] [2.81] [-2.05] [-3.80] [3.62] [-5.85] [-6.35] [-2.32] [6.91] [-7.29] [-0.47] [-12.13] [1.54] [7.92] [4.53] [2.19] [8.90] [-15.74] [-3.80] [-2.89] [0.84] [-6.34] [0.27] [-4.00] [-1.96] [-9.05] [-6.41] [11.51] [-5.10] [-2.60] [0.81] [5.30] [-19.69] [7.81] [-10.56] [2.63] [2.14] [11.14] [0.47] [8.61] [0.86] [8.16] [-4.59] [-11.82] [4.61] [-6.22] [-3.04] 
[-10.82] [5.92] [-8.38] [7.33] [9.56] [-2.51] [-1.36] [11.89] [12.74] [1.10] [-9.45] [-0.82] [16.93] [7.95] [6.54] [13.33] [5.01] [-0.21] [-0.78] [7.46] [-2.69] [17.11] [-2.06] [3.61] [20.73] [-9.60] [16.62] [4.89] [8.41] [-4.15] [12.03] [-2.26] [6.60] [-7.51] [-9.94] [7.18] [-2.32] [-4.75] [-8.43] [-3.85] [-5.83] [-0.12] [-6.59] [4.32] [-2.89] [3.27] [6.53] [9.56] [-16.02] [-10.31] [5.48] [11.77] [-5.13] [13.61] [6.03] [-2.54] [-0.18] [11.11] [-3.12] [-1.67] [-1.36] [9.21] [2.12] [-3.43] [-13.79] [3.08] [8.65] [-3.59] [0.39] [7.35] [-16.19] [-3.46] [-3.54] [7.15] [1.34] [-5.00] [-4.06] [-5.19] [-4.54] [-8.19] [5.18] [-1.86] [7.58] [-2.57] [0.23] [-19.03] [2.81] [2.87] [8.66] [-6.77] [6.39] [-9.44] [9.57] [9.62] [9.65] [-2.36] [-10.75] [6.90] [-7.15] [-4.52] 
[-11.75] [5.89] [-3.49] [10.73] [5.59] [-0.73] [4.14] [17.23] [6.89] [3.21] [-5.89] [3.13] [14.93] [6.97] [6.54] [3.84] [7.52] [0.69] [1.53] [3.12] [2.77] [19.38] [3.51] [1.93] [6.84] [0.21] [11.57] [13.57] [4.66] [-2.35] [-0.20] [-1.66] [5.06] [-8.74] [1.39] [5.73] [0.38] [-1.19] [-15.54] [-6.86] [-8.11] [-6.70] [-3.44] [-5.32] [6.48] [2.03] [1.66] [6.51] [-17.29] [-9.41] [10.57] [16.77] [-11.55] [11.50] [11.27] [-4.67] [-2.21] [9.21] [-7.50] [-7.03] [5.31] [2.20] [-2.07] [-5.11] [-10.78] [5.41] [5.40] [-0.66] [9.49] [-3.02] [-9.85] [3.49] [0.31] [4.91] [2.09] [-3.02] [-2.48] [-6.34] [-2.17] [-11.16] [11.72] [1.42] [-0.49] [-9.89] [-1.37] [-16.82] [5.15] [-5.36] [4.87] [0.19] [5.67] [-0.20] [-1.41] [8.15] [-1.92] [-0.22] [-6.19] [9.65] [1.34] [-0.25] 
[-3.85] [4.63] [-5.24] [3.26] [9.61] [4.91] [0.21] [9.40] [11.04] [10.20] [-12.07] [1.64] [9.89] [1.46] [0.45] [4.10] [11.15] [4.41] [1.85] [5.09] [-0.79] [26.17] [9.92] [0.35] [17.32] [-6.03] [11.87] [3.29] [8.43] [0.97] [8.93] [2.84] [9.18] [-7.22] [-5.38] [14.75] [0.02] [0.27] [-5.53] [-11.88] [-6.15] [0.86] [-0.67] [-5.51] [4.74] [-10.48] [-0.04] [9.36] [-14.50] [-12.63] [1.27] [10.34] [-9.91] [5.00] [9.26] [-3.54] [-0.03] [9.65] [-5.55] [-7.50] [-6.72] [2.48] [-1.65] [-2.86] [-15.24] [7.16] [17.19] [-8.63] [8.79] [-7.93] [-2.92] [-4.00] [-0.56] [3.10] [-5.99] [0.86] [4.85] [-4.82] [2.67] [-6.09] [3.85] [1.02] [2.41] [3.49] [6.17] [-26.64] [2.90] [-2.58] [12.14] [-4.31] [-0.14] [-9.12] [3.02] [0.92] [3.52] [2.01] [-9.70] [13.40] [-2.08] [3.18] 
[-5.22] [3.21] [-11.32] [3.87] [4.10] [-0.73] [2.24] [9.44] [4.44] [6.48] [-4.03] [-0.11] [15.91] [6.27] [3.96] [5.19] [6.07] [6.14] [-2.67] [2.71] [-1.93] [19.28] [3.39] [7.03] [15.43] [-6.13] [11.79] [3.74] [13.60] [0.44] [10.57] [6.98] [4.85] [-8.12] [-3.33] [13.73] [1.28] [1.86] [-9.58] [-5.30] [-2.95] [0.21] [0.22] [0.02] [0.35] [-3.78] [8.46] [-0.09] [-18.56] [-2.92] [-3.30] [12.12] [-19.68] [7.36] [2.49] [-1.82] [-3.11] [6.17] [2.62] [-11.29] [-2.49] [4.22] [-4.11] [2.66] [-14.11] [-1.03] [13.95] [-2.25] [6.42] [2.90] [-10.06] [0.26] [-9.06] [-2.66] [-0.75] [1.92] [-0.64] [-4.00] [-7.98] [-0.25] [7.84] [-0.69] [-2.21] [8.40] [4.81] [-21.53] [1.69] [-5.18] [6.62] [-2.65] [5.04] [-9.74] [-3.01] [0.64] [3.04] [-0.13] [-11.80] [6.05] [-1.75] [-1.64] 
[-7.24] [3.30] [-18.13] [7.19] [5.04] [0.17] [-1.76] [11.57] [11.96] [-3.63] [-8.96] [-3.69] [13.82] [2.56] [-3.54] [5.09] [3.95] [6.71] [-6.53] [8.06] [-0.52] [18.14] [-0.50] [-2.10] [20.35] [-18.84] [2.95] [6.49] [8.79] [-0.45] [5.45] [7.57] [4.12] [-5.00] [-6.24] [7.72] [-0.84] [3.39] [-10.06] [-11.41] [-3.93] [-5.98] [-1.22] [4.96] [10.45] [0.01] [2.80] [2.53] [-18.47] [-7.83] [3.65] [15.11] [-10.51] [8.32] [3.44] [4.48] [2.54] [9.41] [-3.45] [-5.53] [-0.28] [4.57] [-0.43] [-2.23] [-15.37] [10.23] [6.73] [-3.06] [9.41] [2.66] [-15.35] [7.76] [1.03] [3.58] [1.17] [-7.02] [-4.66] [-0.13] [-1.86] [-5.40] [7.09] [2.80] [-6.50] [-3.44] [-5.86] [-19.79] [0.43] [-6.77] [0.55] [-4.33] [-3.37] [-6.09] [1.97] [4.10] [4.65] [-1.98] [-21.70] [11.56] [-5.65] [-2.13] 
[1.24] [6.59] [-12.68] [6.18] [12.31] [3.44] [-3.68] [10.81] [14.98] [0.31] [-10.11] [-6.60] [13.34] [-0.48] [0.67] [1.48] [1.49] [7.50] [1.09] [6.66] [-1.44] [15.77] [-0.21] [-4.58] [17.00] [-7.20] [15.70] [-1.21] [7.79] [-4.21] [12.10] [6.48] [10.69] [-3.61] [-2.78] [5.69] [-1.19] [1.62] [-7.81] [-13.57] [-7.87] [7.40] [-0.90] [2.82] [7.88] [-3.85] [-8.52] [6.35] [-23.03] [-4.04] [3.68] [12.86] [-20.06] [15.13] [11.52] [0.51] [-11.36] [12.14] [-1.59] [-10.12] [-7.61] [2.76] [-4.20] [-4.46] [-9.87] [9.74] [5.44] [-1.85] [4.50] [3.79] [-15.84] [-0.89] [5.78] [7.65] [-1.80] [-8.00] [2.09] [0.97] [-1.08] [-11.01] [5.77] [2.56] [0.09] [-1.73] [-3.07] [-16.41] [10.68] [-9.37] [7.03] [-2.12] [5.38] [-5.23] [3.79] [3.52] [8.70] [0.46] [-6.89] [13.49] [0.61] [-4.55] 
[-6.46] [11.93] [-2.53] [6.70] [1.87] [-6.95] [1.99] [7.32] [6.07] [-3.03] [-6.47] [-0.85] [15.44] [0.03] [2.26] [8.98] [-4.62] [1.15] [2.13] [4.73] [-0.42] [12.82] [0.67] [4.37] [13.07] [-8.27] [17.28] [2.80] [9.65] [0.97] [2.99] [0.89] [1.86] [-10.80] [-4.26] [6.89] [3.54] [-6.08] [2.68] [0.74] [-5.78] [-4.67] [-3.36] [0.92] [-0.84] [-3.93] [-1.26] [2.19] [-22.36] [-0.15] [3.18] [11.65] [-9.55] [7.32] [0.30] [-0.75] [-0.87] [6.38] [-4.57] [-8.06] [0.44] [3.09] [-4.63] [-7.52] [-12.05] [9.42] [-0.43] [-9.06] [4.98] [-4.12] [-12.55] [-2.86] [-2.00] [5.57] [3.27] [-10.85] [0.78] [-0.42] [6.76] [-6.62] [12.21] [-6.86] [-5.39] [-4.23] [-1.13] [-22.31] [9.97] [-16.37] [9.86] [-3.37] [9.72] [-8.95] [3.60] [7.61] [3.06] [3.05] [-11.55] [11.18] [-7.24] [-4.68] 
[-12.54] [12.96] [-5.67] [9.25] [4.00] [1.58] [0.80] [12.50] [5.22] [0.10] [-3.34] [5.07] [13.76] [10.43] [10.19] [-1.73] [1.31] [10.06] [-2.91] [6.44] [4.60] [18.33] [3.64] [-5.18] [13.13] [-8.32] [11.20] [4.77] [11.86] [0.97] [0.12] [8.19] [6.18] [-4.19] [-2.71] [11.12] [4.48] [0.92] [-1.83] [3.54] [-7.38] [3.11] [-0.94] [0.07] [7.84] [-0.03] [-8.53] [0.14] [-14.10] [-9.10] [-0.84] [14.32] [-15.37] [7.43] [6.97] [1.64] [2.85] [8.35] [-4.85] [-5.71] [-3.89] [1.55] [1.32] [3.17] [-7.54] [2.29] [3.00] [-10.20] [-0.51] [3.67] [-11.72] [-3.11] [-0.36] [5.28] [0.83] [-6.12] [-4.82] [-7.89] [-5.54] [-4.03] [18.71] [-9.04] [-1.66] [-9.05] [6.29] [-16.66] [4.67] [-10.95] [-2.39] [1.77] [-1.09] [-5.81] [3.90] [2.76] [11.51] [-10.26] [-10.01] [10.41] [-7.16] [-9.02] 
[-5.00] [-0.09] [-10.98] [10.09] [10.23] [-2.42] [-7.52] [12.01] [7.74] [-5.25] [-9.65] [5.56] [15.55] [8.83] [8.64] [3.32] [5.16] [8.76] [10.50] [5.44] [-3.61] [22.02] [6.39] [-3.84] [13.69] [-5.21] [12.11] [13.17] [5.36] [-2.34] [6.94] [6.52] [16.68] [-9.16] [2.17] [7.30] [3.59] [2.21] [1.10] [-12.34] [1.16] [-10.29] [0.33] [-4.04] [-3.46] [1.43] [-1.92] [7.77] [-14.80] [-14.53] [4.92] [17.19] [-8.49] [7.39] [-0.04] [3.84] [-1.64] [8.24] [-7.52] [-11.30] [-2.30] [-2.11] [9.46] [-2.96] [-2.21] [8.94] [1.55] [-3.35] [8.80] [1.39] [-9.88] [1.13] [-0.34] [0.45] [-8.27] [-7.65] [-2.71] [0.72] [5.18] [-3.00] [2.62] [0.91] [1.50] [-1.61] [1.63] [-26.64] [-0.61] [-5.55] [5.05] [-7.11] [6.38] [-1.43] [-4.41] [6.62] [10.65] [-4.93] [-12.75] [6.88] [-4.67] [-1.99] 
[-5.65] [2.51] [-6.06] [2.30] [4.67] [4.76] [-8.31] [12.23] [6.77] [-5.68] [-5.29] [7.93] [10.32] [-2.93] [-2.73] [-0.24] [-1.30] [5.25] [-4.76] [8.19] [3.92] [14.23] [3.71] [1.71] [13.95] [-7.89] [14.66] [4.28] [10.97] [4.95] [3.51] [-1.96] [6.53] [-5.09] [-2.74] [11.21] [-6.51] [-6.29] [-5.53] [-3.74] [-6.45] [6.61] [-0.28] [-0.30] [0.32] [2.01] [-2.50] [0.18] [-12.59] [-7.65] [-0.14] [17.21] [-5.83] [6.44] [8.05] [-3.21] [-5.05] [4.20] [-10.13] [-9.20] [-0.80] [4.91] [5.81] [-0.04] [-15.40] [6.79] [7.48] [-0.88] [15.75] [1.34] [-15.52] [0.07] [-3.57] [-2.02] [-4.34] [-4.29] [1.23] [-7.23] [1.83] [-7.25] [14.71] [1.35] [-1.76] [-7.02] [2.82] [-17.88] [5.06] [-4.22] [9.52] [5.10] [11.50] [-5.45] [-0.81] [0.66] [10.42] [0.38] [-9.13] [8.60] [-2.93] [0.28] 
[-10.48] [2.58] [-2.08] [4.88] [7.49] [-2.92] [-5.97] [12.45] [12.65] [-4.46] [-6.77] [2.57] [9.12] [4.49] [-0.36] [8.12] [0.04] [-2.04] [0.04] [5.26] [-1.75] [21.30] [2.03] [-1.47] [13.20] [-10.71] [6.88] [7.42] [8.51] [0.07] [5.62] [4.82] [3.32] [-1.73] [0.64] [10.83] [-4.86] [-2.99] [-6.94] [-9.24] [0.99] [5.43] [5.33] [5.31] [1.86] [-0.54] [-3.70] [0.29] [-14.35] [-2.25] [4.45] [14.87] [-15.62] [5.91] [7.70] [5.14] [1.89] [4.87] [-0.93] [-16.95] [2.33] [5.93] [4.58] [1.51] [-16.00] [16.69] [13.58] [-7.82] [11.37] [-4.69] [-11.02] [4.58] [-4.70] [3.88] [5.25] [-6.20] [1.86] [-8.29] [4.93] [-6.01] [9.55] [-5.89] [-2.36] [0.31] [9.95] [-23.15] [10.03] [-9.92] [2.81] [-6.98] [5.30] [-7.53] [-1.27] [0.11] [4.25] [-9.39] [-8.28] [-1.45] [-9.44] [-0.87] 
[-9.56] [3.02] [-6.13] [10.19] [1.44] [0.35] [-3.31] [0.18] [8.16] [-2.93] [-13.32] [4.68] [16.76] [5.25] [6.38] [0.69] [6.72] [-4.92] [-3.35] [2.21] [6.80] [11.18] [2.71] [5.15] [10.45] [-11.77] [15.30] [5.24] [8.34] [-0.14] [5.58] [0.48] [12.74] [-7.51] [-1.05] [10.05] [-0.80] [1.87] [-6.26] [-3.67] [-3.21] [3.80] [-7.03] [0.28] [4.34] [0.49] [-2.87] [8.17] [-18.19] [-4.51] [-1.80] [10.78] [-11.25] [8.12] [7.41] [-4.72] [-2.93] [9.07] [-8.85] [-7.50] [-2.20] [12.14] [1.32] [-8.98] [-15.44] [12.23] [2.53] [-3.23] [7.10] [-4.68] [-17.03] [-6.00] [-2.96] [1.05] [-0.11] [-7.26] [2.34] [1.98] [-0.70] [-12.19] [7.09] [-1.16] [0.56] [-2.45] [6.77] [-20.35] [4.68] [-8.36] [2.96] [-3.27] [6.18] [-6.82] [3.24] [-3.06] [9.94] [-4.23] [-10.75] [-0.54] [0.50] [-3.17] 
[-3.29] [11.26] [-5.02] [7.40] [9.51] [-4.53] [-5.87] [6.64] [14.03] [-0.31] [-13.23] [11.90] [17.57] [6.34] [1.50] [-6.46] [2.15] [6.22] [4.10] [4.47] [9.79] [19.95] [8.34] [2.66] [11.46] [-2.40] [10.35] [11.59] [4.23] [1.20] [1.41] [-7.47] [1.38] [-5.26] [-11.33] [14.63] [4.12] [4.08] [-2.29] [-11.39] [-8.12] [3.54] [-3.10] [0.73] [4.33] [2.27] [-7.56] [-5.11] [-20.84] [-11.03] [-2.22] [7.19] [-17.40] [9.53] [6.62] [3.86] [2.61] [11.52] [0.61] [-7.87] [3.63] [6.38] [-1.72] [5.65] [-14.02] [8.61] [9.12] [-3.19] [9.54] [3.32] [-10.96] [-1.39] [-4.78] [-0.63] [3.72] [-7.82] [-4.90] [0.74] [-10.14] [-5.52] [8.78] [0.59] [1.91] [-9.30] [10.78] [-22.32] [-3.47] [-0.21] [-1.14] [3.72] [7.40] [-4.03] [1.07] [12.61] [7.84] [-5.01] [-14.88] [10.43] [-6.62] [-3.89] 
[-6.75] [13.49] [-8.51] [2.10] [15.46] [7.64] [-10.04] [9.78] [14.59] [-5.18] [-11.35] [4.19] [9.74] [11.24] [7.48] [5.31] [1.04] [9.12] [-8.03] [4.73] [4.93] [15.33] [0.58] [4.24] [17.75] [-2.86] [12.66] [4.17] [10.11] [1.71] [1.73] [-3.77] [12.12] [-9.78] [2.15] [5.07] [-1.85] [0.37] [-7.45] [-8.99] [-4.51] [0.80] [-0.56] [-9.69] [3.88] [3.76] [-3.70] [7.65] [-6.74] [-2.27] [1.72] [15.83] [-10.98] [7.01] [1.27] [6.28] [-2.73] [3.58] [-4.27] [-8.50] [4.84] [3.04] [-1.09] [-2.22] [-18.10] [7.78] [11.59] [-1.57] [10.90] [2.22] [-15.50] [3.18] [-6.19] [6.25] [-0.77] [4.43] [-2.58] [-3.01] [3.40] [-8.42] [10.68] [1.08] [4.55] [-2.39] [6.02] [-20.74] [7.08] [-9.98] [4.93] [3.16] [2.60] [-2.95] [-0.01] [-2.12] [10.96] [0.54] [-9.98] [13.40] [-3.27] [-10.11] 
[-8.01] [5.33] [-9.67] [7.55] [8.73] [-2.12] [-7.22] [13.46] [6.64] [2.95] [-10.44] [5.13] [16.00] [3.83] [9.04] [10.90] [7.74] [4.42] [0.64] [7.45] [3.62] [24.35] [2.36] [3.49] [11.35] [-12.57] [7.75] [11.96] [4.70] [5.57] [5.70] [-0.45] [8.28] [-5.56] [-0.16] [11.94] [1.91] [-1.55] [-6.09] [-3.89] [-9.91] [-1.66] [8.84] [-0.95] [2.44] [0.02] [-8.49] [2.58] [-11.60] [-5.76] [-1.17] [3.45] [-15.53] [6.26] [5.17] [-7.10] [-1.92] [8.37] [0.88] [-1.82] [3.14] [2.85] [4.44] [2.31] [-7.64] [7.57] [4.55] [-0.82] [9.95] [-3.75] [-9.03] [-4.81] [2.41] [4.36] [-2.89] [-5.97] [-5.21] [-2.18] [3.14] [-8.27] [2.94] [-0.09] [2.37] [-7.27] [2.93] [-25.01] [1.23] [-7.84] [16.65] [-4.04] [4.29] [-12.80] [2.04] [-3.33] [6.40] [-4.90] [-10.93] [2.18] [-4.01] [-8.81] 
[-4.61] [-6.77] [-4.97] [8.72] [12.18] [0.12] [5.26] [13.81] [10.49] [-1.09] [-3.27] [7.83] [7.37] [18.90] [4.39] [6.11] [7.66] [-2.63] [-5.24] [-4.42] [-1.89] [19.20] [-2.02] [-2.05] [14.01] [-10.30] [12.44] [8.94] [7.15] [-0.91] [3.64] [-8.22] [12.75] [-1.38] [0.74] [2.81] [0.45] [-2.71] [-6.36] [-7.52] [-7.89] [-3.07] [-4.44] [-1.87] [3.74] [-3.84] [-1.65] [3.72] [-13.44] [-10.16] [9.19] [10.77] [-7.22] [4.87] [6.22] [-5.49] [-0.85] [13.98] [-0.21] [-10.68] [5.82] [-0.64] [-11.03] [-1.39] [-15.50] [4.84] [4.63] [-4.78] [8.46] [-6.96] [-17.25] [0.17] [4.34] [0.68] [0.12] [-2.73] [0.78] [-3.59] [3.11] [-4.38] [5.34] [-3.66] [-0.62] [-4.84] [12.76] [-20.46] [9.25] [-10.44] [12.49] [-13.01] [10.53] [-1.91] [3.88] [4.87] [7.26] [0.38] [-10.51] [11.75] [-7.05] [-5.21] 
[-8.31] [3.62] [-7.43] [5.69] [5.47] [-7.86] [-8.48] [10.83] [11.23] [9.27] [-6.79] [11.37] [15.29] [5.83] [-2.24] [6.13] [2.69] [5.91] [-0.29] [6.44] [5.80] [13.87] [-4.26] [4.19] [14.27] [-2.45] [17.47] [2.55] [5.05] [-2.32] [5.72] [-1.43] [4.37] [-11.85] [-2.33] [9.99] [0.15] [-7.96] [0.19] [-12.64] [-5.63] [7.64] [-0.83] [2.61] [5.55] [-7.32] [-1.76] [6.97] [-16.50] [-4.80] [-0.54] [13.13] [-8.29] [5.16] [8.68] [1.42] [-9.97] [7.66] [-5.61] [-11.13] [-6.23] [1.95] [3.38] [-0.03] [-16.48] [6.75] [7.79] [-8.88] [7.42] [-1.34] [-11.23] [0.96] [-2.28] [2.15] [-6.60] [-3.67] [-3.40] [2.00] [0.69] [-2.43] [10.09] [-3.04] [4.78] [-7.13] [8.22] [-13.43] [5.40] [-7.53] [2.99] [1.31] [12.18] [-3.34] [2.98] [10.53] [1.85] [1.56] [-6.70] [10.36] [0.96] [-6.50] 
[-5.67] [1.31] [-18.78] [0.09] [5.57] [-5.02] [0.23] [15.49] [8.32] [0.44] [-17.36] [1.77] [13.94] [0.40] [3.55] [1.80] [12.42] [-0.95] [-1.48] [8.69] [0.48] [14.94] [-3.01] [3.46] [10.95] [-9.29] [13.87] [4.57] [8.16] [5.33] [2.57] [7.28] [10.37] [-14.70] [-1.42] [8.69] [4.43] [-1.97] [-13.20] [-3.75] [-3.34] [-0.94] [-3.55] [-3.73] [2.05] [-0.89] [-0.95] [7.00] [-10.92] [-3.03] [9.77] [11.87] [-21.26] [9.25] [10.38] [1.10] [-8.63] [6.32] [-4.74] [-9.02] [3.02] [1.79] [-5.22] [-0.85] [-13.35] [0.59] [8.87] [-8.57] [6.68] [3.84] [-9.51] [1.23] [1.44] [5.21] [3.20] [-2.42] [-12.50] [-3.77] [0.03] [-3.73] [9.58] [-1.41] [-2.80] [1.08] [-1.23] [-23.28] [6.46] [-3.71] [8.59] [-4.59] [4.64] [-7.02] [4.61] [5.95] [8.43] [-3.25] [-8.50] [-1.16] [-8.22] [0.66] 
[-6.46] [6.38] [-8.47] [4.29] [5.52] [1.39] [-2.25] [10.23] [-1.06] [9.97] [-8.25] [3.57] [21.91] [7.91] [6.91] [6.93] [3.30] [0.88] [4.53] [8.99] [1.52] [20.64] [-0.05] [4.22] [9.30] [-0.43] [8.60] [7.38] [4.89] [-3.54] [3.56] [-2.02] [14.28] [-12.12] [-1.80] [12.11] [-0.16] [-2.60] [-8.02] [3.07] [-4.30] [15.09] [-2.49] [4.15] [8.64] [3.40] [-3.14] [1.21] [-17.36] [-11.39] [0.19] [11.19] [-19.50] [7.60] [6.93] [1.66] [-4.71] [15.83] [1.38] [-7.96] [3.59] [5.13] [3.79] [-10.22] [-13.63] [13.49] [-0.10] [-9.92] [9.43] [-0.92] [-13.37] [-7.28] [-5.02] [-4.01] [-4.82] [-7.37] [-4.73] [-3.45] [3.90] [-8.18] [-3.33] [-3.48] [4.96] [3.04] [-2.53] [-12.62] [9.52] [-9.09] [-0.05] [-0.30] [0.54] [-7.69] [1.89] [-5.34] [2.92] [-0.33] [-10.83] [8.95] [-5.27] [7.35] 
[-7.15] [9.29] [-8.06] [1.92] [6.63] [5.28] [-8.33] [11.75] [6.29] [-1.82] [-7.98] [6.28] [15.50] [7.50] [4.74] [-3.50] [1.77] [0.22] [3.79] [9.62] [4.39] [18.38] [-0.62] [3.31] [17.31] [-6.87] [11.07] [7.93] [7.10] [-0.53] [6.69] [-1.87] [14.79] [-14.97] [-2.18] [13.68] [6.00] [1.38] [-0.35] [3.45] [-4.96] [-2.12] [1.52] [-4.82] [4.06] [-1.39] [0.05] [6.28] [-13.81] [-11.34] [6.24] [12.08] [-17.26] [10.57] [1.68] [-0.68] [-0.79] [9.21] [3.00] [-10.81] [-2.16] [-0.97] [2.77] [-1.03] [-14.92] [6.11] [-1.00] [4.03] [6.76] [0.84] [-16.47] [1.66] [-3.98] [-7.18] [7.19] [1.81] [-1.40] [-0.59] [-0.99] [-12.31] [7.42] [3.91] [0.33] [-4.61] [8.89] [-24.63] [8.95] [-10.84] [2.78] [-3.70] [11.13] [-1.13] [6.09] [-0.37] [3.80] [-6.52] [-10.74] [6.83] [-4.94] [7.56] 
[-15.26] [15.01] [-18.33] [1.90] [5.25] [-9.13] [-2.87] [10.19] [5.04] [-1.77] [-4.15] [-2.85] [19.67] [-1.99] [8.90] [4.22] [4.97] [4.55] [-3.05] [2.09] [1.77] [18.56] [-4.00] [2.59] [13.97] [-5.66] [13.87] [6.25] [3.46] [-2.97] [4.06] [-0.71] [12.37] [-5.46] [-6.53] [15.72] [3.22] [-3.43] [0.28] [-10.17] [-8.56] [-3.24] [-6.22] [-7.62] [4.12] [3.96] [-1.50] [0.58] [-18.94] [-8.26] [1.93] [16.96] [-13.32] [4.25] [9.84] [-1.33] [2.14] [6.45] [5.02] [-8.97] [2.31] [4.67] [1.28] [-5.68] [-11.15] [10.65] [10.92] [5.03] [7.76] [3.81] [-6.59] [-4.93] [3.83] [-5.40] [-1.24] [-11.37] [2.32] [-5.44] [-10.71] [-3.49] [3.75] [-1.15] [6.10] [-4.00] [-6.04] [-21.91] [2.08] [-10.53] [5.86] [-6.08] [2.27] [-0.42] [1.85] [-8.42] [7.31] [-2.42] [-13.68] [11.66] [1.52] [-1.14] 
[-6.17] [7.02] [-12.41] [5.01] [6.45] [-9.47] [-2.69] [12.59] [5.66] [-0.91] [-9.48] [3.17] [17.41] [1.11] [7.39] [0.74] [-0.11] [4.42] [4.64] [-1.14] [3.70] [17.47] [6.26] [5.74] [17.16] [-10.97] [10.28] [5.52] [4.45] [-2.50] [11.04] [6.55] [4.09] [-10.47] [-3.77] [3.41] [2.24] [-7.12] [-0.31] [-4.99] [-2.88] [4.47] [-4.42] [-3.47] [-0.50] [-7.10] [3.59] [6.10] [-17.69] [-9.56] [4.01] [14.79] [-15.04] [8.51] [8.35] [5.55] [-0.31] [8.95] [-2.28] [3.41] [-2.88] [-0.84] [2.30] [2.90] [-7.80] [8.68] [3.78] [-7.49] [1.13] [-0.50] [-9.06] [-0.87] [-9.84] [3.35] [-1.44] [0.76] [-8.87] [-0.01] [-2.04] [-15.95] [3.88] [-9.87] [6.97] [-0.49] [3.16] [-21.64] [8.49] [-8.90] [3.53] [-1.92] [5.14] [-1.79] [2.24] [0.21] [8.93] [-3.43] [-11.41] [10.99] [-5.04] [-5.10] 
[-5.55] [2.98] [-11.67] [2.59] [7.08] [3.42] [-5.73] [9.81] [15.03] [-1.03] [-19.22] [4.19] [6.38] [1.28] [7.47] [3.36] [5.65] [2.56] [1.12] [4.22] [-2.16] [25.26] [3.84] [5.89] [13.27] [-5.86] [8.14] [5.95] [1.27] [-3.77] [7.83] [-15.39] [16.89] [-5.19] [0.05] [18.79] [5.79] [-2.72] [-10.41] [0.96] [-2.34] [1.88] [-8.22] [1.92] [3.67] [5.91] [0.71] [-1.57] [-21.11] [-6.03] [-3.23] [17.21] [-16.81] [13.91] [5.97] [-2.01] [-0.49] [10.43] [-0.97] [-9.03] [2.42] [0.39] [-0.16] [-0.45] [-1.77] [8.70] [6.07] [-0.57] [5.71] [5.78] [-9.56] [-3.84] [-0.25] [4.85] [-4.48] [0.71] [-6.94] [-7.68] [-4.23] [-6.47] [12.40] [6.91] [3.19] [-9.58] [7.39] [-15.37] [0.88] [-13.03] [4.59] [-1.67] [13.32] [-4.95] [4.02] [2.91] [7.28] [-3.95] [-18.86] [5.56] [-10.21] [1.77] 
[-8.27] [5.77] [-3.60] [2.16] [12.31] [-4.15] [-3.31] [8.75] [13.76] [-2.03] [-7.29] [0.95] [8.71] [11.40] [4.25] [-4.20] [8.07] [7.70] [2.53] [7.94] [-0.77] [19.40] [-3.71] [1.21] [11.17] [-2.77] [9.07] [-0.12] [15.16] [1.03] [5.92] [1.46] [8.88] [-8.73] [-7.62] [9.47] [7.72] [-8.10] [3.10] [-3.54] [-12.70] [1.34] [-3.56] [-1.81] [1.31] [-4.38] [0.64] [4.76] [-14.99] [-4.22] [7.66] [16.79] [-11.54] [11.75] [4.28] [-3.33] [-10.00] [5.64] [-5.40] [-11.53] [1.98] [6.18] [-4.41] [-1.51] [-18.58] [1.29] [3.47] [-8.21] [3.43] [-0.86] [-6.86] [-3.96] [-10.54] [7.35] [1.79] [-7.45] [-7.39] [4.77] [-7.71] [-8.00] [9.99] [-2.41] [6.58] [-0.96] [-1.46] [-23.66] [6.02] [-8.20] [9.56] [-1.85] [2.93] [-11.55] [1.58] [3.61] [9.30] [-9.53] [-15.02] [9.63] [-3.34] [-1.19] 
[-6.35] [2.96] [-11.40] [3.87] [10.74] [7.71] [-0.58] [12.53] [8.72] [-6.70] [-10.42] [1.06] [9.47] [1.40] [6.75] [1.27] [4.95] [6.76] [0.58] [1.35] [0.84] [19.91] [6.81] [-0.41] [14.61] [-7.31] [5.94] [12.07] [13.96] [-3.21] [10.49] [2.93] [6.72] [-3.70] [4.47] [10.46] [-6.29] [-6.23] [-0.83] [-10.03] [-14.49] [-2.66] [4.39] [-5.24] [2.36] [-0.86] [-0.20] [-3.67] [-15.49] [-10.90] [-0.83] [17.71] [-10.43] [9.05] [6.86] [1.15] [-5.33] [7.02] [1.72] [-6.63] [-5.48] [7.03] [-4.95] [-0.93] [-9.10] [12.82] [2.62] [-4.70] [12.26] [-0.57] [-17.62] [1.33] [6.27] [-0.90] [-1.83] [-3.47] [0.16] [9.97] [-1.68] [-9.97] [12.74] [-7.95] [-2.19] [-0.47] [-0.17] [-23.04] [3.21] [-8.22] [5.44] [-11.75] [6.90] [-6.13] [1.24] [2.11] [3.41] [1.65] [-8.82] [-6.68] [-4.75] [1.73] 
[-12.62] [5.66] [-9.75] [8.18] [7.43] [-6.87] [-8.33] [7.93] [10.70] [8.20] [-13.60] [5.21] [8.67] [10.02] [3.61] [9.46] [13.93] [-0.10] [-5.28] [4.12] [-3.54] [16.70] [5.55] [0.22] [8.38] [-8.71] [16.62] [0.03] [2.84] [-7.25] [6.12] [7.58] [15.01] [-6.77] [-3.57] [10.30] [5.53] [1.65] [-2.18] [-10.77] [-3.18] [2.48] [4.42] [5.87] [8.01] [-3.27] [-2.09] [5.84] [-12.35] [-7.97] [7.38] [15.32] [-19.29] [9.90] [12.39] [-3.31] [0.96] [8.05] [-4.18] [-6.55] [-0.69] [-3.54] [3.87] [0.44] [-14.27] [4.30] [-0.34] [-4.84] [6.81] [3.77] [-11.29] [-2.21] [-6.18] [1.71] [2.10] [0.21] [-5.60] [5.16] [-0.71] [-8.89] [1.43] [-2.31] [-0.27] [0.23] [-3.86] [-26.52] [5.01] [-10.25] [5.81] [1.64] [9.94] [-13.27] [3.67] [4.90] [5.97] [-3.79] [-15.38] [8.47] [-4.16] [1.01] 
[1.79] [5.94] [-16.16] [16.70] [0.74] [2.64] [-3.23] [14.01] [3.70] [-3.47] [-14.10] [5.74] [11.41] [7.44] [7.73] [7.46] [8.80] [-2.32] [-4.27] [4.17] [3.29] [17.65] [4.49] [4.33] [11.94] [-3.41] [2.24] [-1.89] [4.74] [3.01] [9.13] [7.79] [8.91] [-13.23] [-5.72] [3.31] [5.37] [0.13] [-3.07] [-12.22] [-5.16] [0.86] [3.81] [1.10] [3.55] [1.32] [-1.86] [6.81] [-11.46] [-9.01] [2.22] [17.20] [-14.02] [6.04] [0.02] [2.08] [-0.52] [15.31] [7.40] [-7.24] [-5.59] [1.41] [3.34] [5.50] [-16.38] [6.07] [8.17] [-4.16] [6.74] [-0.75] [-12.21] [2.23] [-1.20] [5.42] [-3.35] [-4.61] [2.44] [1.98] [-1.47] [-6.96] [2.14] [7.64] [0.71] [-5.62] [1.49] [-27.61] [6.59] [-4.51] [1.22] [-0.62] [8.48] [-7.88] [-1.30] [6.46] [0.07] [-6.39] [-8.62] [8.17] [3.13] [-5.52] 
[6.32] [5.55] [-8.82] [11.92] [2.67] [0.33] [6.10] [8.03] [19.62] [0.06] [-11.85] [4.97] [15.09] [-1.21] [2.85] [-0.86] [0.11] [1.25] [-2.72] [2.95] [-2.22] [14.84] [3.03] [3.62] [11.01] [-12.38] [15.48] [2.46] [9.20] [2.09] [-4.37] [-2.13] [9.22] [-5.41] [-8.22] [9.56] [-4.93] [-5.34] [-6.15] [-3.99] [-2.38] [2.52] [-5.95] [4.25] [3.66] [-2.43] [-6.34] [4.82] [-15.09] [-9.05] [5.50] [9.51] [-13.59] [6.20] [8.26] [14.26] [-13.55] [3.00] [0.40] [-6.10] [-0.86] [4.20] [-5.00] [-2.95] [-13.52] [4.38] [1.35] [-5.74] [4.71] [3.34] [-11.95] [3.74] [1.34] [7.95] [1.01] [-1.77] [-5.18] [-1.55] [5.03] [-9.00] [13.70] [0.44] [-4.30] [-2.03] [-4.26] [-19.69] [5.52] [-7.33] [3.55] [-5.55] [12.60] [-15.26] [8.09] [-0.68] [7.96] [1.49] [-16.81] [7.90] [-8.38] [-0.17] 
[-6.06] [4.05] [-4.74] [5.57] [9.95] [5.14] [-0.03] [1.47] [11.06] [5.42] [1.15] [7.15] [12.87] [6.19] [1.71] [5.79] [6.10] [2.24] [4.49] [2.76] [2.86] [11.06] [6.01] [13.12] [13.48] [-9.70] [16.42] [14.39] [15.15] [0.15] [-1.98] [1.08] [6.39] [-11.94] [-3.67] [8.95] [-1.30] [3.88] [4.17] [-4.71] [-7.32] [-1.57] [3.17] [0.79] [3.39] [-2.61] [-0.02] [1.75] [-14.09] [-5.43] [0.07] [17.16] [-18.70] [7.93] [7.09] [7.85] [-5.94] [9.28] [-7.91] [-6.96] [1.18] [8.15] [-2.08] [-1.76] [-8.96] [10.32] [1.24] [-4.64] [3.95] [-4.17] [-12.06] [-5.42] [-8.14] [-0.89] [-0.74] [-4.04] [-11.31] [-1.59] [-3.29] [-6.36] [13.47] [-8.02] [3.02] [-1.32] [2.04] [-19.01] [-2.46] [-0.43] [4.92] [-4.99] [4.10] [-0.35] [-2.92] [-2.81] [-1.67] [-5.42] [-10.60] [3.25] [-4.43] [-1.03] 
[-9.62] [8.98] [-7.64] [7.37] [-3.69] [-1.31] [-9.91] [15.24] [6.22] [0.96] [-7.35] [7.80] [11.01] [-1.74] [8.96] [2.61] [4.23] [0.14] [-1.88] [4.72] [0.09] [25.07] [-1.74] [2.03] [12.61] [-9.47] [4.28] [10.60] [1.16] [4.79] [4.55] [-0.21] [6.84] [-11.14] [-1.75] [7.97] [-3.41] [-0.07] [-12.03] [-6.87] [-2.61] [1.08] [4.02] [-2.33] [-0.20] [-1.71] [-1.48] [9.70] [-22.67] [-9.53] [6.79] [12.53] [-11.61] [8.93] [2.49] [3.57] [-1.17] [1.88] [-6.61] [-5.15] [-3.44] [1.90] [-1.26] [0.91] [-14.69] [3.27] [4.42] [-10.44] [8.16] [5.49] [-15.39] [-5.34] [-2.96] [-1.62] [3.61] [10.07] [1.40] [0.64] [-0.19] [-0.98] [9.90] [3.57] [-0.92] [-4.02] [-3.69] [-18.98] [5.31] [-3.95] [2.05] [-10.05] [6.20] [-7.54] [2.32] [-2.57] [11.19] [-6.40] [-9.27] [11.24] [-2.90] [7.08] 
[-16.23] [7.60] [-13.30] [1.61] [14.18] [11.85] [-6.29] [9.50] [10.34] [-6.19] [-10.13] [4.45] [18.81] [6.31] [7.47] [5.87] [3.68] [-2.22] [-3.23] [2.17] [2.35] [17.89] [4.21] [-3.79] [15.34] [-7.62] [14.91] [0.72] [13.46] [9.61] [1.23] [0.32] [4.67] [-5.80] [-6.85] [5.83] [2.38] [4.87] [4.37] [-11.23] [-5.84] [1.64] [-4.26] [-0.54] [8.06] [-9.91] [-2.74] [7.19] [-17.64] [-7.76] [-1.11] [6.66] [-16.46] [8.83] [-0.46] [3.38] [-0.93] [7.11] [2.28] [-8.61] [-3.51] [5.79] [-5.10] [-2.03] [-11.67] [8.13] [-1.84] [-10.68] [12.40] [9.50] [-12.33] [7.76] [1.30] [6.77] [2.40] [-12.12] [-2.26] [7.86] [-7.04] [-12.08] [1.64] [-9.11] [1.69] [-0.62] [-2.90] [-24.33] [0.56] [-5.60] [5.28] [-1.38] [4.96] [-13.07] [1.42] [4.34] [6.40] [0.90] [-17.37] [5.84] [-3.47] [-1.20] 
[2.21] [0.00] [-13.73] [9.56] [13.09] [-1.52] [-9.78] [11.37] [9.11] [-2.89] [-11.06] [3.06] [17.60] [7.50] [4.53] [3.61] [5.65] [3.99] [-4.35] [6.28] [0.69] [16.69] [0.60] [4.52] [14.71] [-5.57] [6.58] [7.66] [11.20] [-2.49] [5.24] [1.58] [4.50] [-4.43] [0.00] [13.87] [3.47] [-1.42] [-3.29] [-13.18] [-3.60] [-2.02] [-6.29] [-2.01] [4.56] [-9.19] [1.06] [1.53] [-6.55] [-3.59] [-1.52] [9.91] [-16.86] [11.69] [-0.11] [2.11] [-1.33] [8.10] [-0.07] [-4.07] [-0.48] [0.76] [-7.35] [3.87] [-5.47] [18.07] [0.93] [-2.52] [8.48] [2.05] [-14.95] [-2.64] [-2.15] [-3.94] [-5.36] [-1.21] [-4.15] [1.29] [-1.01] [-11.67] [14.55] [10.66] [-1.68] [-16.51] [5.39] [-22.44] [4.19] [-11.27] [3.13] [-4.59] [10.41] [-8.75] [-10.58] [-2.45] [12.43] [-3.46] [-13.42] [13.14] [-0.48] [-8.75] 
[-13.13] [6.43] [-14.74] [11.82] [12.03] [1.63] [-7.20] [7.97] [7.78] [-1.09] [-10.62] [3.62] [10.76] [7.79] [-2.96] [1.41] [4.68] [-2.46] [-1.87] [3.21] [-2.28] [13.30] [4.61] [1.99] [10.12] [-3.16] [17.97] [4.82] [4.27] [-4.05] [4.97] [0.19] [8.11] [-6.65] [-3.63] [10.04] [14.45] [-5.58] [-3.94] [-4.00] [-5.60] [-1.57] [-10.04] [4.19] [10.69] [-0.40] [-3.34] [7.77] [-20.41] [-8.74] [10.32] [14.08] [-13.64] [10.75] [5.55] [-1.76] [-11.16] [8.55] [-1.68] [-13.18] [1.50] [-0.38] [2.94] [-6.46] [-17.52] [0.97] [4.74] [2.35] [6.31] [7.15] [-10.47] [3.54] [-2.92] [3.90] [0.56] [1.26] [1.11] [-1.82] [5.34] [-6.94] [6.27] [-1.36] [2.53] [-8.55] [-0.33] [-20.04] [-1.72] [0.44] [5.45] [-1.22] [-3.16] [-10.17] [-6.04] [1.37] [11.62] [-13.01] [-11.29] [10.94] [-5.67] [-3.68] 
[-15.29] [2.53] [-9.17] [-0.04] [9.52] [3.01] [-2.81] [7.63] [5.06] [7.12] [-4.35] [5.35] [19.18] [-1.74] [6.34] [2.67] [6.50] [6.96] [-3.89] [2.71] [4.23] [20.61] [8.36] [5.96] [8.06] [-9.02] [11.46] [11.11] [6.67] [5.54] [3.21] [2.17] [11.87] [-9.17] [-1.58] [6.42] [3.72] [-0.42] [-7.09] [-6.32] [-6.51] [-3.48] [2.31] [-6.72] [4.02] [-2.20] [-4.20] [5.67] [-14.76] [-13.13] [1.98] [11.58] [-12.23] [6.93] [7.74] [-2.50] [-3.55] [12.56] [-7.49] [-2.37] [-1.20] [-3.29] [-0.74] [1.49] [-9.19] [7.08] [9.59] [-5.78] [2.69] [6.94] [-13.58] [-7.26] [3.68] [-0.43] [-5.75] [-6.32] [8.23] [2.29] [-4.10] [-15.25] [11.76] [4.65] [-1.73] [-4.21] [6.62] [-21.26] [3.83] [-1.91] [2.51] [0.99] [2.49] [-9.63] [1.09] [5.09] [3.73] [3.47] [-9.52] [3.43] [-4.12] [-8.97] 
[-4.31] [7.17] [-11.41] [5.50] [6.88] [-4.51] [-2.68] [3.29] [6.34] [-8.70] [-5.75] [1.35] [6.72] [5.88] [8.98] [1.41] [7.25] [-1.40] [-1.76] [0.02] [0.83] [13.85] [3.89] [3.83] [10.56] [-4.63] [10.39] [15.48] [4.92] [-2.38] [5.62] [-1.24] [13.36] [-5.10] [-3.60] [11.14] [-1.82] [4.01] [0.38] [-8.36] [-3.72] [7.47] [3.83] [4.31] [4.86] [-8.01] [6.74] [8.25] [-10.56] [-12.03] [5.89] [19.16] [-14.07] [8.96] [1.84] [3.42] [1.14] [6.88] [-0.35] [-15.88] [-7.09] [4.12] [0.08] [2.07] [-20.61] [8.40] [10.57] [-2.25] [2.80] [-1.15] [-12.82] [-0.71] [0.13] [2.61] [-0.93] [-0.21] [1.47] [-0.31] [-2.30] [-8.48] [13.20] [-4.72] [1.60] [-9.39] [0.54] [-26.68] [4.27] [-6.44] [5.48] [-6.20] [6.49] [-2.70] [-0.60] [6.10] [-0.88] [-1.54] [-4.20] [2.01] [-9.26] [-0.85] 
[-3.30] [7.56] [-6.15] [1.98] [4.03] [-1.97] [-4.43] [13.07] [8.24] [5.21] [-12.40] [7.27] [8.67] [-0.57] [0.36] [-0.79] [3.13] [-2.38] [-3.08] [10.69] [1.11] [25.86] [4.83] [0.38] [10.87] [-10.93] [11.10] [2.63] [12.57] [1.41] [4.44] [-3.66] [15.01] [-13.79] [-6.31] [0.50] [1.62] [-4.12] [-4.24] [-12.26] [-3.72] [-1.95] [4.65] [2.50] [-0.17] [5.30] [-5.78] [4.92] [-19.64] [-10.11] [2.28] [21.83] [-18.44] [5.07] [12.15] [-7.67] [-3.67] [4.05] [-6.91] [-10.29] [7.65] [-2.62] [0.54] [-0.17] [-14.10] [12.28] [6.61] [-7.37] [5.54] [5.50] [-13.36] [-5.46] [3.97] [-1.45] [-0.96] [-4.48] [-4.28] [1.94] [-0.80] [-4.43] [0.91] [-6.37] [-3.62] [7.52] [7.39] [-24.90] [0.22] [-5.72] [4.49] [1.02] [3.76] [-3.12] [5.16] [2.13] [5.23] [-7.38] [-16.62] [12.44] [-2.80] [-4.64] 
[-8.87] [2.45] [-9.84] [5.62] [9.68] [-2.55] [-3.65] [1.85] [6.92] [-5.72] [-12.29] [-5.04] [17.76] [5.90] [-0.12] [1.61] [11.34] [4.73] [0.65] [6.27] [3.29] [17.67] [5.05] [-3.73] [11.41] [-5.67] [6.86] [5.28] [16.30] [-3.08] [8.30] [2.21] [6.51] [-14.76] [4.19] [9.45] [-7.23] [3.82] [-5.23] [-7.37] [-3.48] [-4.66] [-2.40] [-7.89] [1.97] [-2.12] [5.34] [5.72] [-16.03] [-4.71] [6.26] [10.34] [-16.76] [5.68] [8.25] [10.00] [-4.01] [13.29] [-6.03] [-1.02] [-5.10] [-2.90] [-0.74] [-4.77] [-18.90] [9.73] [9.03] [-4.48] [4.21] [-1.54] [-11.18] [-2.21] [-3.31] [1.05] [2.60] [2.30] [-7.43] [3.23] [2.30] [-9.59] [4.04] [-9.81] [-1.91] [-12.70] [-2.96] [-20.04] [4.67] [-8.17] [7.59] [-0.66] [4.67] [-12.31] [8.40] [2.12] [4.84] [-1.67] [-16.10] [4.56] [-7.35] [-0.41] 
[-6.79] [7.07] [-19.76] [2.24] [8.38] [-1.31] [0.78] [18.09] [11.79] [-1.73] [-7.79] [6.57] [11.93] [10.60] [4.58] [-1.33] [-0.51] [5.22] [-0.06] [9.74] [10.06] [12.45] [1.12] [-1.98] [15.49] [-15.21] [10.71] [3.96] [8.89] [0.24] [6.49] [7.36] [9.07] [-4.95] [-8.12] [12.15] [-0.91] [1.36] [6.04] [-6.73] [3.42] [1.28] [-4.08] [2.94] [15.35] [3.46] [1.85] [-3.89] [-18.84] [-9.02] [-1.38] [10.79] [-17.07] [5.12] [7.42] [-1.12] [-1.44] [7.07] [0.25] [-14.82] [0.09] [-0.51] [4.56] [2.08] [-8.24] [14.86] [4.91] [-3.39] [3.32] [2.42] [-11.21] [8.22] [-5.75] [1.10] [2.79] [-8.01] [0.81] [1.74] [-1.46] [-5.37] [5.37] [-7.93] [-4.91] [7.07] [5.67] [-20.36] [3.14] [-5.95] [13.33] [3.10] [7.46] [-8.80] [-2.40] [6.48] [0.71] [-2.63] [-6.48] [4.63] [-2.00] [-3.06] 
[-5.62] [8.72] [-13.96] [15.82] [7.71] [5.71] [-8.73] [8.17] [11.40] [-6.16] [-4.23] [-1.00] [6.83] [2.25] [-3.94] [1.34] [0.85] [2.90] [-3.59] [5.18] [-1.75] [16.46] [3.89] [-1.83] [21.47] [-4.94] [16.12] [8.30] [3.11] [-5.68] [4.28] [9.62] [13.70] [-3.89] [-1.10] [-2.72] [5.73] [-0.83] [0.36] [-11.54] [-8.25] [6.96] [4.09] [-4.20] [1.97] [1.40] [0.92] [7.42] [-21.21] [-11.73] [10.23] [16.30] [-13.05] [5.88] [11.47] [2.60] [-1.17] [6.90] [-2.53] [-9.93] [-2.74] [5.30] [6.41] [0.76] [-19.78] [6.95] [5.84] [-0.37] [1.53] [3.73] [-16.33] [-0.62] [-7.00] [3.08] [8.44] [-3.15] [-4.83] [-0.13] [-2.08] [-3.86] [10.49] [-2.72] [2.14] [-3.95] [-0.95] [-16.35] [8.04] [-6.86] [10.32] [-3.92] [5.85] [-1.80] [1.09] [4.94] [9.03] [-4.07] [-7.13] [2.53] [-2.57] [6.91] 
[-14.12] [7.44] [-8.65] [7.53] [14.66] [2.20] [1.97] [11.64] [2.82] [-4.81] [-10.13] [7.82] [13.07] [5.61] [10.18] [5.94] [7.89] [-2.83] [-7.06] [4.15] [5.71] [18.98] [2.50] [2.88] [18.67] [-8.93] [20.08] [4.76] [8.35] [1.68] [5.15] [1.32] [12.39] [-8.56] [-9.16] [10.56] [4.90] [0.52] [-2.21] [-4.57] [-4.00] [-4.36] [0.25] [3.56] [7.04] [0.78] [4.64] [0.69] [-14.97] [-7.87] [0.77] [17.72] [-8.97] [1.83] [6.63] [-0.83] [-9.21] [4.31] [2.98] [-8.54] [0.32] [-1.78] [-2.09] [-7.59] [-7.98] [17.24] [9.41] [-5.35] [7.38] [1.95] [-4.09] [-1.97] [-2.14] [1.19] [4.53] [3.82] [0.84] [2.30] [-3.78] [-9.33] [11.19] [-4.01] [3.08] [-5.34] [7.97] [-24.00] [2.78] [-0.37] [-0.94] [-10.22] [-0.69] [-7.87] [2.42] [-1.66] [9.91] [-2.03] [-7.21] [13.32] [-2.17] [2.93] 
[-7.96] [4.91] [-10.12] [4.15] [8.45] [3.61] [-0.81] [9.84] [8.26] [-1.67] [-3.50] [3.83] [13.71] [8.31] [1.93] [4.03] [-2.34] [0.61] [-5.73] [3.30] [3.80] [13.42] [3.77] [-3.11] [18.61] [-11.62] [7.03] [5.52] [14.12] [-8.75] [3.13] [-0.56] [3.71] [-10.34] [-0.50] [0.79] [-5.86] [-3.00] [-8.52] [-9.41] [0.74] [4.63] [1.35] [-1.21] [3.22] [1.96] [-2.28] [9.93] [-19.41] [-12.57] [4.51] [6.22] [-10.16] [11.33] [21.91] [1.37] [-8.72] [5.42] [-7.93] [-7.49] [-0.05] [3.89] [-0.39] [-7.52] [-15.67] [2.68] [6.49] [-9.74] [13.25] [-1.21] [-14.01] [-1.46] [0.08] [-5.21] [3.40] [2.07] [1.35] [2.31] [4.47] [0.43] [3.30] [-5.75] [-0.62] [-5.77] [7.99] [-22.53] [2.92] [-6.10] [9.04] [-9.11] [6.65] [-15.81] [1.79] [2.34] [14.71] [-4.88] [-7.35] [-1.49] [-8.26] [1.91] 
[-9.56] [4.47] [-3.49] [10.99] [10.05] [-1.91] [0.23] [10.59] [4.02] [-7.09] [-8.86] [-1.00] [14.00] [-0.21] [2.40] [-0.58] [-6.08] [3.98] [-1.58] [1.86] [8.04] [14.65] [7.27] [-0.89] [11.07] [-3.49] [14.55] [6.39] [16.01] [-2.43] [5.12] [0.78] [4.51] [-15.05] [-1.62] [18.65] [3.68] [2.97] [-0.58] [-11.74] [-6.46] [5.69] [0.65] [-8.07] [6.47] [-2.59] [1.86] [5.36] [-17.06] [-8.31] [4.91] [19.73] [-8.11] [13.81] [6.40] [-4.27] [-3.75] [9.65] [-5.89] [-9.66] [-8.96] [8.43] [0.40] [-1.56] [-14.24] [5.69] [0.79] [-9.86] [6.32] [-4.22] [-15.80] [-6.05] [-4.33] [6.36] [6.33] [1.13] [1.73] [-0.69] [3.76] [-3.44] [12.36] [0.10] [2.41] [-6.08] [9.04] [-17.77] [11.62] [-5.77] [7.76] [-0.22] [0.78] [-9.53] [-3.71] [13.20] [8.67] [0.06] [-8.42] [6.52] [-10.23] [-2.50] 
[-9.40] [2.96] [-9.03] [-2.61] [15.32] [-10.01] [-4.81] [9.85] [6.27] [6.00] [-14.33] [1.78] [23.93] [6.99] [5.88] [7.44] [5.88] [3.87] [1.59] [3.42] [0.31] [14.75] [9.87] [-2.32] [9.68] [-9.04] [16.26] [6.52] [6.20] [1.68] [7.80] [3.46] [6.60] [-11.32] [-1.08] [5.79] [1.18] [1.13] [0.67] [-16.04] [-9.00] [-0.53] [8.33] [-3.70] [-0.88] [2.71] [-5.93] [-3.07] [-17.09] [-12.65] [-2.22] [14.47] [-9.07] [8.98] [15.43] [0.92] [-8.61] [8.14] [1.72] [-8.05] [-8.60] [-1.88] [5.16] [-2.78] [-21.52] [8.66] [12.88] [-5.73] [3.63] [0.59] [-8.87] [-3.87] [-5.23] [1.89] [-2.23] [-2.53] [-9.27] [10.95] [2.53] [-14.40] [1.60] [0.06] [-4.44] [1.28] [-0.59] [-20.35] [-0.11] [-4.93] [7.58] [-0.11] [5.25] [-11.91] [-4.12] [4.85] [2.57] [-4.57] [-7.12] [10.21] [-3.28] [-3.16] 
[-7.43] [7.72] [-2.38] [8.40] [10.67] [3.18] [-3.69] [0.82] [2.37] [1.89] [-7.08] [1.92] [6.41] [10.42] [8.75] [5.25] [6.02] [7.01] [2.31] [-0.74] [0.35] [13.65] [6.71] [-0.37] [11.99] [-8.04] [10.21] [5.36] [-3.54] [2.68] [7.33] [-0.52] [7.39] [1.74] [-7.13] [7.77] [3.84] [2.21] [-3.19] [-9.76] [-4.50] [7.55] [-1.77] [3.06] [7.86] [-2.13] [-0.08] [7.95] [-14.62] [-4.36] [-0.35] [13.51] [-14.76] [14.64] [7.29] [-0.79] [2.28] [14.42] [-0.93] [-0.73] [-3.58] [4.35] [-1.13] [1.19] [-14.55] [9.69] [-0.10] [1.86] [2.94] [-0.78] [-14.45] [-2.64] [-3.08] [2.62] [-3.10] [-3.16] [-8.10] [-3.56] [0.51] [-7.91] [6.18] [-2.01] [6.38] [-9.93] [2.38] [-24.74] [-4.49] [-3.14] [6.19] [5.25] [6.78] [-0.15] [3.30] [4.89] [7.50] [0.35] [-17.83] [6.77] [-4.47] [-0.23] 
[1.22] [10.72] [-9.51] [1.72] [10.61] [-2.73] [-3.79] [9.05] [-0.38] [-2.99] [-15.45] [-1.48] [9.32] [2.70] [2.94] [8.76] [4.93] [3.57] [-1.31] [-6.58] [-0.88] [12.27] [0.09] [5.82] [11.78] [-6.71] [13.67] [7.46] [9.17] [2.89] [8.08] [5.52] [9.96] [0.41] [-4.22] [11.76] [1.15] [-2.81] [-3.81] [-4.08] [-5.31] [4.97] [-6.62] [-0.40] [1.24] [-6.97] [1.90] [13.72] [-15.05] [-9.58] [1.33] [10.28] [-9.84] [8.06] [7.48] [-3.45] [-9.97] [8.20] [-6.64] [-13.25] [0.93] [-3.81] [-1.24] [1.42] [-14.16] [16.23] [2.14] [-7.40] [10.84] [6.75] [-11.43] [-5.53] [-6.07] [-1.55] [2.14] [-6.70] [-4.72] [4.23] [0.34] [-7.31] [12.13] [7.00] [-5.48] [-7.14] [1.25] [-19.50] [1.05] [-6.02] [5.76] [-2.86] [1.07] [-8.14] [0.28] [2.13] [2.57] [-4.26] [-10.67] [4.34] [-2.64] [-0.43] 
[-3.02] [4.97] [-15.70] [2.73] [1.82] [-2.06] [-3.21] [15.05] [11.74] [-5.39] [-8.94] [-2.62] [17.85] [2.21] [6.54] [4.35] [6.52] [4.67] [-8.72] [2.28] [4.44] [15.18] [3.25] [-2.61] [15.54] [-10.21] [13.41] [5.35] [6.43] [-1.45] [3.70] [1.47] [12.42] [-5.65] [1.55] [3.16] [3.56] [4.50] [-2.43] [-5.45] [-5.21] [-0.73] [-5.34] [-8.38] [7.01] [-6.79] [-0.20] [1.08] [-14.46] [0.22] [8.34] [13.94] [-14.85] [13.98] [5.60] [0.92] [-5.56] [3.40] [-1.41] [-14.96] [-2.09] [2.52] [-1.30] [6.21] [-5.63] [10.81] [3.94] [-13.28] [5.20] [-1.93] [-15.13] [4.63] [2.59] [-6.56] [-5.13] [-7.42] [-1.99] [2.52] [-3.94] [-9.64] [3.00] [5.07] [0.04] [1.52] [2.75] [-21.21] [-2.35] [-12.70] [5.05] [-9.18] [5.98] [-5.80] [2.06] [6.11] [5.52] [-3.37] [1.03] [5.72] [-5.14] [0.36] 
[-9.95] [-0.47] [-10.07] [11.51] [4.56] [-2.41] [-8.04] [2.37] [9.29] [-4.26] [-3.58] [-0.14] [14.19] [3.02] [8.09] [-0.87] [7.30] [2.05] [-1.71] [1.62] [0.76] [16.78] [7.48] [2.89] [7.93] [-7.24] [8.16] [10.51] [9.24] [0.91] [10.45] [8.61] [10.52] [-15.14] [1.36] [3.34] [4.37] [-2.42] [0.77] [-14.05] [1.07] [1.34] [-6.18] [-4.82] [10.45] [-5.40] [-6.51] [1.89] [-15.77] [-6.83] [8.49] [9.10] [-11.60] [13.31] [4.67] [1.79] [-9.76] [5.03] [1.02] [-8.22] [3.24] [-6.29] [4.20] [-4.61] [-9.25] [10.06] [9.02] [-7.82] [2.88] [3.12] [-13.38] [-1.85] [-2.22] [3.22] [-0.52] [-3.87] [-1.85] [-3.37] [-4.03] [-2.53] [4.54] [-7.04] [-1.52] [4.16] [0.79] [-26.34] [5.25] [-17.03] [5.45] [-5.67] [1.63] [-10.18] [9.58] [8.96] [8.96] [-3.22] [-13.20] [6.88] [-1.61] [7.40] 
[-9.71] [18.14] [-7.11] [12.86] [5.90] [-2.99] [2.09] [12.99] [5.93] [-0.98] [-8.16] [1.92] [16.15] [12.71] [0.82] [7.00] [0.24] [0.60] [3.01] [4.58] [4.13] [14.63] [7.01] [0.74] [15.43] [-0.43] [8.09] [5.44] [13.48] [-3.42] [8.95] [-3.29] [9.60] [-4.05] [-4.67] [6.29] [-0.01] [-4.66] [4.53] [-7.88] [-0.44] [3.43] [4.46] [2.23] [13.47] [2.59] [3.16] [5.85] [-23.75] [-9.46] [-2.70] [11.10] [-15.45] [12.42] [11.79] [1.60] [-5.62] [10.32] [-8.59] [-10.41] [-1.52] [2.97] [-8.61] [-3.46] [-12.45] [3.15] [4.05] [-0.83] [4.41] [3.29] [-6.95] [4.66] [0.59] [-2.03] [-5.40] [-3.69] [0.07] [0.50] [-2.32] [-11.12] [4.21] [6.21] [6.54] [-6.85] [2.94] [-19.88] [-2.01] [-15.60] [6.39] [-5.13] [3.42] [-6.41] [-3.72] [-2.85] [0.93] [-7.17] [-11.33] [13.17] [-4.65] [-5.27] 
[-13.73] [6.48] [-5.17] [6.55] [3.26] [-4.63] [-0.31] [9.08] [0.32] [-6.64] [-3.82] [-3.45] [21.17] [11.29] [9.76] [0.10] [4.73] [-6.88] [0.33] [7.71] [1.62] [15.18] [1.63] [0.34] [19.13] [-13.05] [8.74] [16.95] [12.68] [-0.07] [3.04] [6.49] [9.08] [-4.12] [1.35] [14.48] [5.08] [-6.30] [-13.92] [-13.58] [-4.28] [-1.26] [-2.57] [-8.93] [-3.57] [-3.36] [-2.20] [6.64] [-20.53] [-8.64] [8.98] [12.62] [-9.98] [4.17] [8.29] [-3.93] [-3.40] [3.62] [-4.85] [-14.38] [-0.46] [1.89] [1.90] [-2.41] [-17.63] [13.44] [5.85] [-5.76] [1.82] [-2.77] [-19.00] [9.70] [1.55] [-2.94] [-5.41] [-6.54] [7.07] [1.31] [-6.20] [-12.12] [14.76] [1.57] [-5.44] [-0.94] [4.82] [-22.19] [-4.79] [-17.67] [2.77] [-6.95] [9.37] [-4.00] [-2.56] [2.91] [3.16] [-2.13] [-7.30] [7.20] [-4.16] [1.95] 
[-8.24] [10.60] [-7.32] [0.23] [10.97] [-0.43] [-7.06] [7.04] [12.14] [2.00] [-11.90] [4.32] [8.18] [4.21] [5.16] [5.76] [11.16] [0.40] [2.49] [-0.02] [2.66] [15.94] [0.20] [8.64] [12.95] [-3.99] [10.77] [10.34] [11.88] [-0.30] [11.40] [2.15] [7.05] [-5.49] [-2.11] [3.47] [2.95] [-0.20] [-2.43] [-7.51] [-5.34] [-6.47] [-0.85] [-10.99] [-4.26] [4.10] [-2.46] [3.26] [-17.12] [-9.13] [7.46] [7.32] [-9.89] [6.09] [4.47] [-7.57] [-2.63] [13.37] [1.14] [-4.36] [2.11] [-4.29] [3.99] [-2.15] [-5.94] [4.84] [1.28] [-3.71] [12.14] [-6.48] [-9.53] [-0.28] [-4.44] [0.44] [-4.55] [2.23] [-9.83] [0.60] [0.01] [-7.83] [5.19] [-2.26] [7.72] [0.12] [1.68] [-19.36] [-5.04] [-5.25] [12.22] [-2.11] [4.47] [-1.97] [4.82] [-0.04] [10.05] [2.71] [-5.47] [-1.12] [0.31] [-9.28] 
