MATRIX MULT TIME:
10.96725 seconds
Output after biases:

[-6.52] [14.81] [-4.68] [-17.45] [-12.67] [8.24] [-4.72] [-1.38] [-5.64] [10.55] [12.53] [1.80] [12.03] [-11.41] [9.49] [0.60] [-13.60] [2.01] [-8.46] [-6.72] [-3.78] [0.27] [3.54] [-0.71] [-2.37] [3.27] [6.36] [8.22] [1.97] [-8.03] [2.83] [0.67] [-1.41] [2.96] [-11.56] [-8.06] [5.22] [4.83] [10.42] [1.93] [8.62] [-13.82] [-10.54] [8.37] [-11.09] [13.93] [-4.79] [-5.95] [-2.26] [-4.13] [-0.80] [0.02] [-6.57] [-3.65] [2.26] [-4.10] [-7.04] [-14.44] [4.91] [9.16] [-8.43] [-10.95] [-4.09] [-14.73] [12.76] [0.98] [-3.39] [-8.21] [-3.11] [6.83] [-5.31] [-16.76] [-8.52] [-0.76] [-13.11] [5.03] [-4.18] [0.34] [-8.34] [-11.11] [1.21] [3.67] [0.45] [7.23] [-10.17] [3.78] [8.00] [-1.34] [-1.82] [5.73] [9.75] [6.60] [5.26] [-19.31] [7.80] [-9.79] [-1.00] [0.05] [-1.67] [2.94] 
[-3.22] [12.00] [3.27] [-7.12] [-16.97] [8.04] [-8.92] [-3.84] [-6.71] [11.52] [12.03] [2.15] [8.19] [-17.24] [4.02] [-2.54] [-19.44] [-0.30] [-7.79] [-10.88] [2.62] [-8.33] [7.45] [5.93] [-4.53] [-1.61] [5.58] [-0.25] [7.10] [-1.15] [8.78] [5.06] [-0.07] [-1.81] [-11.19] [-2.99] [2.19] [-1.48] [7.94] [8.55] [6.15] [-7.75] [-7.84] [-1.78] [-6.23] [19.31] [1.41] [-3.86] [3.65] [-6.06] [-4.53] [0.68] [-2.11] [-0.47] [2.73] [1.66] [-6.74] [-7.22] [3.63] [-0.86] [-12.34] [-5.94] [-6.57] [-6.91] [10.32] [-1.71] [-3.18] [-6.19] [-5.23] [2.44] [-6.65] [-3.80] [-4.36] [5.62] [-12.78] [11.20] [-7.66] [-7.15] [-7.00] [-9.03] [12.27] [4.58] [-0.88] [3.91] [-9.91] [5.68] [2.77] [-5.24] [2.40] [3.26] [1.02] [3.65] [10.08] [-6.67] [11.66] [-9.78] [-4.79] [-1.01] [2.49] [6.60] 
[-1.65] [9.75] [0.77] [-14.66] [-5.52] [5.85] [-10.52] [-5.08] [-2.48] [14.94] [9.79] [-1.98] [2.82] [-13.62] [6.21] [-7.39] [-17.02] [5.20] [-10.98] [-9.53] [-11.20] [-15.64] [-1.12] [8.82] [-9.24] [4.04] [9.61] [4.58] [-3.82] [1.17] [4.14] [6.61] [1.37] [-0.43] [-7.11] [-12.77] [5.37] [-4.67] [1.70] [10.61] [4.44] [-13.42] [-13.71] [3.59] [-4.49] [7.14] [-2.95] [-3.71] [10.67] [-16.34] [-3.32] [4.10] [-5.82] [2.92] [1.56] [2.82] [-9.00] [-6.41] [5.75] [-7.92] [-3.91] [-6.22] [-4.38] [-11.72] [12.90] [-5.72] [-2.04] [-5.71] [-8.04] [-1.80] [-2.60] [-6.38] [1.96] [8.05] [-7.28] [9.40] [0.69] [-3.32] [5.84] [-9.24] [5.93] [-6.28] [1.36] [4.29] [-10.88] [7.23] [3.66] [-3.88] [0.99] [9.62] [-0.95] [-2.85] [6.27] [-11.41] [8.35] [-5.30] [3.75] [-8.86] [1.94] [5.03] 
[-4.75] [11.19] [-1.32] [-13.60] [-11.54] [7.68] [-6.60] [1.54] [4.18] [3.99] [13.67] [0.69] [3.86] [-9.75] [0.96] [2.07] [-19.74] [8.24] [-5.16] [-5.65] [-0.67] [-8.74] [8.24] [5.69] [-3.36] [-0.67] [2.18] [0.26] [2.68] [-5.31] [7.41] [9.67] [4.83] [8.01] [-8.24] [-4.69] [2.69] [-8.57] [9.21] [4.79] [6.56] [-10.53] [-15.60] [-1.88] [-4.74] [17.44] [-4.11] [-5.96] [-2.95] [-6.51] [-1.45] [0.87] [-1.30] [-2.83] [8.91] [-4.47] [-5.33] [-5.43] [4.79] [-2.00] [-8.56] [-11.61] [-5.42] [-6.27] [10.05] [-12.06] [-1.37] [-4.31] [-8.58] [-0.06] [-9.56] [-6.61] [2.42] [1.85] [-8.06] [16.12] [6.71] [-2.48] [-1.60] [-2.41] [9.79] [-6.54] [-1.41] [12.99] [-8.57] [9.92] [-5.08] [-1.49] [0.07] [1.04] [11.17] [4.50] [1.09] [-10.92] [11.01] [-8.28] [4.36] [-1.45] [-4.79] [4.99] 
[-7.45] [5.43] [-4.67] [-8.76] [-16.53] [5.08] [-4.65] [-1.46] [-4.70] [2.86] [15.29] [4.05] [5.37] [-5.12] [0.79] [-2.41] [-15.50] [-0.17] [-12.58] [-7.08] [-1.46] [-11.77] [11.70] [-0.98] [-7.48] [1.81] [5.40] [-1.70] [6.43] [2.23] [8.96] [13.36] [6.99] [1.72] [-14.71] [-11.96] [2.02] [-14.77] [5.57] [2.40] [8.18] [-15.79] [-16.22] [-1.13] [-14.48] [18.03] [1.42] [-6.12] [-0.85] [-5.20] [4.92] [-4.52] [0.96] [-4.49] [4.86] [5.85] [-0.80] [-8.08] [3.90] [8.26] [-4.51] [-7.24] [-4.34] [-8.67] [10.42] [0.31] [5.99] [-2.63] [-4.94] [12.23] [-10.21] [-4.29] [0.48] [-5.49] [-20.24] [14.63] [-4.72] [-12.15] [-7.01] [-4.82] [6.01] [-2.68] [-1.57] [11.24] [0.74] [6.59] [-3.02] [-3.20] [-6.19] [5.14] [-1.94] [7.95] [10.91] [-19.66] [6.59] [-10.07] [-1.75] [-1.16] [-1.46] [5.94] 
[-6.93] [10.77] [-3.00] [-11.42] [-9.53] [11.33] [-5.81] [-1.54] [-6.91] [7.80] [11.92] [-2.58] [17.33] [-16.14] [2.98] [-7.60] [-20.23] [1.85] [-5.87] [-10.87] [5.35] [-10.63] [10.32] [0.19] [-1.85] [9.83] [0.98] [-1.02] [-0.62] [2.15] [9.00] [4.68] [7.05] [8.35] [-13.30] [-6.39] [3.10] [-4.84] [7.50] [6.94] [0.97] [-4.01] [-9.04] [4.29] [-9.45] [14.71] [-1.85] [-1.79] [-0.95] [-8.19] [1.34] [0.54] [-8.35] [-5.48] [9.36] [-2.76] [-13.62] [-4.64] [8.71] [-3.75] [-5.65] [-12.07] [-6.71] [-7.54] [3.42] [-4.07] [1.51] [-6.12] [-7.78] [-1.89] [-6.27] [-1.98] [-4.43] [0.36] [-14.22] [14.24] [0.20] [-9.05] [-1.98] [-10.60] [0.29] [2.41] [5.95] [6.17] [-8.84] [1.56] [-0.17] [-3.38] [-8.22] [0.76] [-1.80] [4.92] [9.95] [-14.51] [3.27] [-7.22] [1.63] [-3.12] [6.43] [4.14] 
[-1.06] [14.21] [4.78] [-9.39] [-3.36] [8.13] [-5.72] [-1.93] [-3.88] [6.01] [10.19] [2.77] [9.20] [-15.70] [3.91] [-5.97] [-15.78] [7.15] [0.47] [-7.08] [3.22] [-11.97] [7.52] [6.14] [-4.36] [6.07] [3.37] [8.47] [2.03] [-4.90] [8.68] [2.67] [-0.88] [-8.64] [-12.24] [-8.56] [-2.06] [1.19] [5.24] [6.94] [5.97] [-11.24] [-0.52] [2.64] [-9.34] [15.15] [-7.73] [-2.02] [-6.31] [-7.05] [0.62] [0.53] [3.25] [-3.79] [5.06] [-3.08] [-17.29] [-6.44] [13.19] [0.45] [-1.95] [-10.41] [-11.75] [-9.80] [12.48] [-4.79] [4.11] [-7.16] [1.03] [14.05] [-11.03] [-6.10] [-1.18] [7.30] [-12.96] [14.69] [1.49] [-6.92] [-3.83] [-2.03] [5.70] [0.92] [9.15] [10.87] [-6.21] [6.98] [2.11] [-5.60] [0.77] [10.91] [7.56] [6.45] [11.79] [-10.20] [13.71] [0.99] [1.78] [-6.81] [-4.87] [-0.70] 
[0.95] [7.19] [-3.57] [-13.56] [-13.28] [2.37] [-6.21] [-0.15] [-0.82] [9.08] [12.37] [-1.44] [18.39] [-10.20] [-1.11] [-1.36] [-18.44] [-4.22] [-10.57] [-12.63] [-0.23] [-5.40] [1.07] [2.71] [-5.07] [11.72] [3.72] [2.96] [-0.46] [-10.28] [6.93] [7.51] [-0.43] [-1.25] [-7.83] [-7.05] [-2.44] [-1.94] [7.56] [-1.38] [7.90] [-11.75] [-8.18] [4.32] [0.34] [13.12] [-6.09] [4.40] [1.82] [-9.34] [3.98] [2.31] [-2.86] [3.12] [9.21] [-6.33] [-8.73] [-6.35] [0.58] [-1.84] [-9.58] [-8.37] [-10.88] [-1.83] [8.85] [-3.26] [0.77] [-4.98] [-13.64] [-0.10] [-7.15] [-12.03] [-3.17] [-2.53] [-10.99] [12.75] [-1.85] [-2.50] [-1.25] [-4.15] [7.69] [-4.85] [-1.75] [9.93] [-7.04] [6.46] [1.19] [-14.53] [-6.37] [2.86] [4.13] [-3.31] [5.34] [-11.53] [-0.55] [-13.28] [-3.20] [-2.77] [4.47] [-3.27] 
[3.62] [7.14] [-11.13] [-7.19] [-8.60] [1.32] [0.43] [2.12] [-5.03] [5.16] [8.89] [-0.28] [12.24] [-9.82] [-0.07] [-2.01] [-17.12] [4.50] [-8.58] [-10.62] [2.02] [-5.92] [1.15] [9.14] [-3.84] [2.06] [1.13] [2.51] [3.99] [-13.59] [3.63] [10.79] [-3.00] [3.96] [-15.92] [-4.48] [-4.93] [-6.39] [6.45] [8.15] [12.96] [-9.01] [-9.20] [0.31] [-8.74] [17.78] [-7.43] [-3.50] [6.11] [-12.87] [-4.55] [5.71] [3.39] [6.20] [8.48] [-3.89] [-10.05] [-8.93] [-3.08] [3.88] [-11.40] [-6.51] [-7.66] [-14.61] [12.99] [-14.65] [3.85] [2.30] [-6.15] [1.26] [-8.00] [-8.61] [5.22] [-2.31] [-13.13] [11.16] [3.66] [6.22] [-11.02] [-7.90] [10.98] [-1.24] [2.75] [11.29] [-5.99] [1.53] [2.95] [-5.77] [-8.32] [1.13] [9.71] [-4.22] [7.56] [-13.42] [16.05] [-4.56] [-14.80] [-1.78] [-4.91] [1.55] 
[-8.77] [18.58] [2.54] [-11.41] [-16.74] [3.59] [-14.68] [-5.23] [-4.60] [6.49] [11.11] [-10.98] [2.62] [-9.63] [3.46] [-2.75] [-11.98] [-1.51] [-3.27] [-8.95] [-0.80] [-14.17] [-1.02] [2.93] [-2.72] [-3.21] [1.92] [4.80] [3.88] [3.12] [10.82] [5.92] [3.68] [-2.75] [-6.72] [-6.08] [6.43] [-2.68] [4.91] [15.10] [2.96] [-16.32] [-14.24] [0.84] [-8.10] [7.86] [-13.93] [-3.54] [-3.08] [-11.84] [4.75] [-0.41] [-7.36] [4.10] [7.28] [-2.87] [-11.57] [-8.61] [5.02] [8.66] [-4.35] [-10.63] [-7.06] [-12.70] [10.09] [-0.86] [-2.43] [-7.60] [-10.10] [1.68] [-8.31] [-9.24] [3.40] [-0.99] [-3.01] [11.80] [-0.68] [-3.49] [-9.26] [-13.25] [1.41] [-7.93] [3.60] [7.51] [-7.42] [1.00] [-0.75] [3.10] [-9.10] [0.99] [-0.17] [0.80] [8.29] [-11.17] [14.26] [-10.18] [4.60] [-9.68] [-6.44] [9.19] 
[-1.08] [14.26] [-1.81] [-9.06] [-10.83] [2.26] [-1.30] [-4.56] [-8.52] [9.03] [10.49] [-4.33] [5.83] [-8.75] [12.45] [-0.64] [-16.11] [-0.56] [-3.40] [-15.17] [-7.57] [-11.91] [4.07] [5.41] [-7.15] [3.80] [5.63] [-1.46] [2.74] [-9.16] [14.64] [6.26] [2.31] [-4.62] [-14.51] [-12.19] [-2.26] [-5.32] [5.68] [4.70] [-2.21] [-6.26] [-7.48] [7.80] [-9.83] [14.00] [-7.51] [-3.74] [-2.07] [-6.30] [1.99] [3.03] [-0.06] [-2.11] [2.54] [-1.09] [-14.95] [-3.77] [0.34] [-0.96] [-4.50] [-13.97] [-12.67] [-7.97] [16.25] [-4.27] [10.02] [-12.84] [0.13] [-3.59] [-13.08] [-3.93] [-3.76] [-0.69] [-13.11] [14.57] [-2.09] [-1.94] [-5.00] [-7.57] [4.91] [2.09] [1.72] [7.63] [-8.55] [1.83] [0.53] [-6.28] [-6.10] [0.19] [2.47] [-12.05] [3.36] [-15.76] [6.45] [-13.16] [6.66] [-2.28] [-2.07] [-2.36] 
[-1.67] [8.83] [1.55] [-12.82] [-15.43] [6.35] [-8.42] [-3.63] [-0.63] [8.19] [12.44] [1.44] [11.57] [-7.75] [-0.00] [5.90] [-13.99] [-0.13] [-8.70] [-19.22] [-3.79] [-9.65] [12.48] [13.13] [2.50] [2.31] [2.72] [5.74] [0.47] [-10.43] [5.40] [8.47] [3.01] [-1.15] [-5.75] [-10.13] [-1.31] [-9.32] [0.64] [4.81] [10.12] [-3.57] [-14.05] [8.57] [-5.27] [16.18] [-12.25] [-4.12] [-3.34] [-15.74] [-3.59] [-1.27] [0.24] [2.72] [2.62] [-0.24] [-9.39] [0.62] [0.82] [4.47] [-4.36] [-10.21] [-1.09] [-5.49] [12.20] [0.66] [-0.77] [-6.31] [-7.39] [10.41] [-4.53] [-9.15] [1.35] [-2.02] [-6.44] [16.68] [1.25] [-7.25] [-0.03] [-14.53] [12.04] [3.50] [7.78] [2.24] [-5.71] [3.29] [7.43] [-3.40] [-1.18] [7.75] [3.07] [-4.78] [4.49] [-16.87] [10.30] [-17.11] [-0.95] [-0.80] [-3.37] [10.70] 
[-2.91] [14.89] [-1.50] [-4.09] [-13.77] [2.46] [-6.74] [-8.26] [-2.86] [2.91] [11.46] [-1.16] [8.30] [-13.63] [10.42] [0.80] [-13.22] [4.93] [-12.03] [-5.39] [3.61] [-9.97] [7.92] [3.38] [-0.48] [-0.07] [7.70] [3.03] [-0.77] [0.40] [3.84] [2.86] [-2.10] [-1.77] [-14.00] [-7.33] [6.80] [-11.57] [12.72] [7.31] [8.90] [-12.86] [-9.85] [1.27] [-9.67] [20.14] [-5.50] [-4.00] [1.95] [-14.61] [-8.25] [-0.17] [-7.92] [-7.28] [9.56] [-10.68] [-11.16] [-5.19] [4.98] [-1.36] [-16.28] [-2.54] [-9.09] [-13.20] [7.38] [-9.38] [3.11] [-10.59] [3.61] [4.88] [-11.48] [-0.31] [4.03] [0.09] [-12.48] [16.86] [-0.00] [-2.91] [-7.24] [-7.43] [3.72] [4.45] [4.55] [4.76] [-5.55] [-0.96] [-1.47] [4.94] [-0.52] [-4.18] [6.76] [-3.15] [6.58] [-7.22] [5.97] [-2.26] [-0.19] [-3.35] [1.21] [9.82] 
[-12.16] [10.36] [-4.70] [-8.95] [-8.89] [6.92] [-4.11] [1.70] [-2.19] [15.84] [19.48] [-2.13] [4.06] [-5.94] [-1.66] [3.47] [-21.75] [0.16] [-6.07] [-4.80] [-4.38] [-5.54] [8.91] [3.16] [-9.86] [4.73] [4.02] [5.03] [6.45] [-3.45] [9.65] [16.41] [-0.47] [5.67] [-5.59] [-0.29] [3.65] [-8.08] [4.58] [14.45] [12.56] [-8.10] [-13.14] [-1.03] [-10.85] [10.89] [-4.67] [1.11] [6.57] [-15.33] [-2.57] [0.42] [-8.49] [9.84] [4.59] [-4.04] [-6.75] [-3.80] [0.93] [1.87] [-9.82] [-13.16] [-7.95] [-12.10] [8.46] [2.86] [-3.28] [-6.01] [-10.32] [1.06] [-10.19] [-4.54] [3.98] [7.41] [-18.49] [8.49] [-1.60] [-8.21] [-0.90] [-5.49] [10.69] [-4.87] [-3.63] [12.44] [-11.43] [4.93] [0.37] [1.14] [12.21] [8.13] [-1.03] [-0.12] [7.52] [-16.78] [8.89] [-2.61] [-2.30] [-4.59] [2.24] [4.40] 
[0.58] [20.03] [2.12] [-16.26] [-20.20] [2.92] [-1.09] [1.57] [-3.42] [6.96] [15.70] [2.48] [4.15] [-13.70] [3.61] [0.36] [-1.64] [6.60] [-8.79] [-5.36] [3.53] [-15.90] [8.62] [1.07] [-4.17] [6.17] [-0.40] [5.74] [4.78] [-0.73] [4.08] [10.61] [3.73] [1.26] [-6.69] [-7.41] [6.35] [-10.11] [7.77] [2.21] [5.59] [-6.74] [-8.40] [6.87] [-5.25] [12.99] [-0.29] [-9.52] [-1.76] [-9.11] [3.75] [3.36] [-0.30] [1.30] [4.79] [2.34] [-4.66] [-8.98] [-2.55] [-1.31] [-5.39] [-4.37] [-5.70] [-9.23] [9.05] [-2.07] [-4.00] [-5.07] [-2.65] [2.02] [-3.23] [-10.05] [-3.18] [3.47] [-15.32] [13.14] [-1.70] [-1.17] [-7.52] [-10.21] [5.90] [-9.24] [-0.75] [7.43] [-6.49] [11.17] [-1.24] [-6.01] [-5.59] [-1.24] [2.28] [-0.94] [9.83] [-16.29] [8.19] [-13.03] [-1.11] [-10.27] [-3.03] [8.56] 
[-4.44] [12.99] [1.97] [-12.61] [-11.55] [12.20] [-11.71] [-2.17] [-4.44] [7.63] [16.26] [-3.83] [7.81] [-9.94] [9.19] [2.86] [-16.46] [2.36] [-12.20] [-1.54] [-3.03] [-9.53] [5.16] [4.59] [-9.22] [9.66] [-0.31] [10.53] [4.44] [-2.85] [7.03] [4.77] [-1.54] [-6.50] [-10.02] [-1.50] [0.97] [-10.74] [1.91] [0.44] [0.41] [-7.03] [-6.89] [-0.36] [-11.84] [2.81] [-6.81] [-4.25] [0.17] [-6.55] [1.88] [-5.32] [2.37] [2.82] [7.79] [-0.46] [-10.17] [-2.17] [8.39] [4.23] [-4.66] [-8.53] [1.28] [-2.52] [7.00] [-0.17] [-3.17] [-6.17] [-9.96] [6.80] [-5.29] [-0.33] [3.45] [16.83] [-10.60] [11.87] [-3.02] [-2.91] [-7.10] [-13.89] [11.44] [-7.51] [1.99] [6.58] [-7.71] [8.42] [-2.97] [-2.34] [-9.64] [11.87] [7.46] [-3.96] [-2.20] [-20.03] [5.79] [-8.78] [-5.57] [0.94] [-1.80] [6.16] 
[-2.68] [13.39] [-0.46] [-10.57] [-4.79] [9.78] [-7.52] [-0.74] [-2.78] [10.56] [5.98] [-5.58] [4.97] [-13.59] [3.57] [-3.81] [-16.37] [-3.39] [1.22] [-8.21] [5.83] [-10.82] [4.53] [-2.85] [-3.35] [7.48] [5.99] [7.19] [1.49] [-7.84] [4.81] [2.87] [-6.88] [1.63] [-14.29] [-10.43] [-0.86] [-11.18] [4.67] [5.07] [6.35] [-8.50] [-11.48] [11.15] [-5.16] [12.47] [0.38] [-11.00] [-1.21] [-11.72] [2.28] [-3.41] [-5.28] [4.10] [14.61] [-1.64] [-8.76] [-3.17] [6.83] [-3.33] [-0.85] [-10.07] [-1.78] [-1.94] [5.47] [-4.34] [-1.43] [-1.99] [-5.33] [5.28] [-12.97] [-10.09] [-1.07] [7.41] [-6.11] [17.57] [5.85] [-3.51] [-8.09] [-8.79] [11.43] [-8.24] [-0.52] [7.31] [-6.60] [8.40] [-3.57] [-5.49] [-3.60] [8.34] [4.58] [0.79] [-0.21] [-9.61] [13.14] [-11.70] [2.73] [-5.34] [0.91] [6.75] 
[-4.76] [17.14] [0.30] [-5.28] [-10.79] [11.28] [-3.43] [3.60] [-3.34] [5.91] [5.97] [-1.53] [8.08] [-4.14] [7.57] [-0.34] [-10.85] [-5.24] [-6.13] [-8.86] [-1.19] [-9.01] [2.78] [4.45] [-12.55] [10.92] [4.25] [1.35] [1.89] [-4.73] [11.37] [3.07] [1.84] [-0.92] [-7.31] [-2.56] [-3.63] [-6.21] [6.23] [8.89] [4.21] [-6.39] [-15.99] [4.84] [-5.77] [14.70] [-2.99] [-4.44] [-4.62] [-16.53] [-2.46] [1.94] [-6.08] [-0.48] [13.09] [-8.06] [-6.09] [-7.26] [-0.87] [-0.81] [-10.18] [1.62] [-14.18] [-2.10] [6.05] [-5.53] [-3.28] [-5.02] [-3.46] [-1.31] [-11.62] [-8.04] [-3.59] [6.32] [-12.83] [6.09] [4.90] [-4.50] [-7.79] [-10.49] [7.43] [-5.46] [2.90] [6.25] [-10.35] [6.26] [5.41] [-0.44] [-8.31] [3.42] [13.17] [-6.05] [12.63] [-15.04] [9.18] [-3.97] [-6.79] [-5.56] [-3.06] [-0.83] 
[-6.08] [3.20] [-0.03] [-12.11] [-4.17] [14.00] [-15.95] [-4.83] [-2.05] [5.74] [7.55] [5.46] [4.85] [-11.66] [-0.63] [-6.37] [-13.50] [-0.87] [-4.45] [-7.32] [-2.59] [-10.50] [8.19] [7.73] [-4.13] [1.36] [1.92] [-2.17] [-1.31] [-7.86] [12.69] [0.60] [4.18] [0.49] [-4.42] [-3.20] [7.72] [-5.93] [2.17] [3.24] [14.25] [-6.92] [-6.99] [5.08] [-15.99] [18.23] [-6.80] [-7.78] [-2.35] [-7.09] [-0.99] [5.16] [-5.33] [3.37] [5.92] [1.71] [-3.16] [-9.22] [-11.90] [-7.49] [-0.61] [-3.08] [-9.84] [-11.37] [15.03] [-4.18] [0.87] [-6.20] [0.96] [6.14] [-8.17] [1.13] [-0.53] [6.14] [-14.63] [12.92] [6.79] [-7.13] [-5.32] [-3.56] [6.69] [-4.51] [-0.26] [8.64] [-6.74] [7.18] [-5.03] [-1.29] [-12.75] [12.15] [-2.60] [1.41] [4.02] [-18.07] [12.14] [-5.23] [-1.00] [-6.15] [-5.95] [5.88] 
[-1.50] [7.43] [-0.59] [-12.60] [-13.51] [5.49] [-15.45] [5.44] [-4.96] [7.43] [9.57] [4.44] [11.22] [-10.29] [6.33] [-9.97] [-17.24] [5.39] [-0.63] [-5.47] [-0.32] [-11.69] [1.30] [9.85] [2.05] [2.00] [6.85] [4.81] [8.69] [11.06] [6.98] [9.33] [1.76] [-0.40] [-10.47] [-3.52] [0.33] [-5.87] [7.41] [7.92] [4.85] [-15.73] [-9.50] [3.54] [-13.53] [18.16] [-0.45] [-6.55] [-1.81] [-11.81] [0.10] [-0.97] [-2.83] [1.24] [12.95] [-5.02] [-2.22] [-7.90] [4.78] [-1.44] [-0.49] [-8.19] [-11.18] [-9.18] [7.92] [-4.90] [1.07] [0.52] [-4.95] [7.09] [-6.25] [-0.45] [-2.97] [8.25] [-11.20] [8.68] [2.41] [-0.84] [-5.63] [-12.99] [1.88] [4.60] [-2.86] [6.25] [-6.90] [1.58] [7.52] [-7.37] [0.89] [5.62] [4.73] [1.14] [8.36] [-9.19] [13.82] [-7.35] [-2.70] [-2.53] [5.98] [3.64] 
[-5.81] [11.76] [-3.32] [-14.42] [-7.14] [2.50] [-5.27] [-0.47] [-10.64] [6.27] [20.43] [3.73] [11.48] [-10.33] [3.74] [-6.90] [-15.32] [0.01] [-3.20] [-12.17] [-2.28] [-8.77] [4.39] [4.20] [-2.25] [9.47] [-1.55] [2.82] [-0.31] [1.37] [9.26] [7.18] [-0.29] [-7.27] [-9.20] [-2.10] [8.34] [-3.84] [2.17] [6.41] [12.84] [-15.18] [-9.25] [-4.21] [-1.01] [13.01] [-2.58] [-2.07] [-2.96] [-12.84] [-0.80] [8.15] [-6.17] [1.21] [6.23] [2.37] [-7.88] [-1.45] [1.62] [1.82] [-7.12] [-3.25] [-3.80] [-2.62] [3.70] [1.41] [-0.87] [-5.13] [2.70] [10.34] [-7.11] [-0.69] [-3.12] [4.79] [-12.66] [11.26] [5.52] [5.34] [-3.30] [1.81] [5.53] [-0.95] [-6.34] [14.88] [-5.88] [0.68] [6.04] [-7.24] [-5.61] [-1.31] [3.45] [5.38] [11.23] [-19.77] [8.56] [-3.91] [2.06] [-0.08] [-2.58] [7.69] 
[2.80] [8.73] [1.49] [-9.27] [-5.06] [10.54] [-6.02] [0.66] [0.31] [11.14] [12.20] [5.00] [7.56] [-13.14] [7.34] [2.40] [-21.77] [3.74] [-1.34] [-10.60] [-3.35] [-8.14] [6.84] [0.40] [-5.55] [8.03] [0.90] [0.95] [-0.60] [1.31] [4.17] [8.16] [0.98] [-7.28] [-15.32] [-6.60] [9.29] [-5.27] [-0.49] [-0.79] [12.58] [-14.02] [-15.94] [1.82] [-8.57] [19.86] [-12.87] [-4.72] [3.88] [-15.48] [1.37] [3.78] [-1.91] [6.14] [11.24] [0.55] [-8.50] [-7.39] [1.93] [-6.86] [-5.85] [-15.53] [-13.72] [-8.07] [10.91] [-2.94] [2.12] [-9.34] [-10.13] [3.49] [-3.23] [-9.51] [1.10] [10.76] [-17.32] [11.52] [-6.98] [-6.63] [-5.24] [-5.78] [3.64] [-7.07] [-3.63] [3.94] [-6.61] [1.03] [-10.63] [-4.33] [-5.27] [5.29] [0.74] [-5.48] [3.69] [-7.59] [3.68] [-3.35] [-4.49] [3.65] [-7.02] [6.81] 
[4.53] [8.84] [-3.28] [-14.18] [-15.02] [7.12] [-6.52] [-6.19] [-4.95] [3.98] [15.95] [-1.28] [6.96] [-16.06] [3.09] [4.92] [-10.76] [2.08] [-0.59] [-14.52] [3.76] [-8.25] [-3.36] [6.76] [-6.98] [0.52] [3.16] [-4.98] [6.40] [-6.54] [9.06] [10.77] [-2.24] [4.89] [-12.34] [-4.47] [2.61] [-6.52] [9.56] [9.82] [-4.27] [-7.75] [-12.60] [0.42] [-0.66] [19.98] [-5.17] [-6.52] [-1.14] [-15.73] [-0.66] [1.13] [-4.28] [-0.74] [3.88] [-1.50] [-12.20] [-7.56] [6.79] [-0.93] [-10.32] [-4.38] [-8.73] [-4.19] [1.42] [5.87] [7.15] [-3.67] [-5.55] [2.80] [1.51] [-11.55] [-2.40] [7.67] [-12.64] [16.06] [-4.58] [0.37] [-8.73] [-3.04] [9.96] [-6.43] [5.29] [0.82] [-9.63] [8.16] [4.03] [-4.34] [-0.64] [8.66] [-2.24] [1.20] [8.50] [-16.52] [7.56] [-8.62] [0.85] [-0.39] [-3.27] [-0.33] 
[-5.86] [9.39] [-1.14] [-12.59] [-10.18] [6.36] [-9.82] [0.47] [-1.62] [3.80] [7.27] [-3.63] [7.57] [-14.86] [8.25] [-5.64] [-11.93] [4.68] [-9.07] [-4.75] [-0.78] [-5.54] [10.19] [-2.07] [-5.20] [7.87] [-1.20] [-1.08] [11.05] [2.39] [5.79] [1.11] [2.50] [3.75] [-16.81] [-7.24] [4.39] [-4.11] [-2.47] [5.71] [7.13] [-11.88] [-8.32] [-1.65] [-7.87] [20.58] [-3.18] [-6.77] [-2.63] [-12.73] [0.42] [-2.89] [-4.56] [4.26] [5.40] [-0.11] [-6.48] [-3.47] [2.76] [-5.23] [-11.19] [-11.74] [-15.10] [-12.52] [-1.42] [-7.40] [-7.55] [-4.09] [-12.07] [8.43] [-9.14] [-4.18] [-0.66] [2.11] [-19.07] [9.92] [0.94] [-1.48] [-3.44] [-1.10] [11.89] [-4.99] [-0.75] [9.08] [-3.29] [6.73] [2.16] [-9.35] [-4.60] [9.15] [7.14] [3.70] [12.49] [-13.28] [9.96] [-12.29] [6.28] [-7.39] [-3.86] [1.21] 
[-2.03] [8.68] [-2.22] [-11.88] [-12.50] [7.41] [-7.87] [-2.43] [-5.21] [5.36] [7.18] [-2.42] [9.97] [-10.95] [4.51] [-2.99] [-7.88] [4.30] [-5.79] [-19.07] [8.40] [-11.31] [7.54] [2.85] [-9.44] [-2.06] [-2.78] [4.63] [0.80] [-0.13] [17.27] [4.78] [-1.93] [-8.04] [-5.89] [-3.33] [-1.43] [-18.17] [6.42] [1.87] [7.13] [-8.44] [-11.38] [6.38] [-11.50] [8.09] [-7.94] [3.01] [-0.33] [-12.00] [-1.54] [1.23] [2.92] [2.69] [8.84] [0.77] [-5.01] [-1.95] [8.54] [-6.66] [-8.48] [-7.08] [-8.62] [-7.24] [13.42] [-0.34] [9.03] [-3.68] [-11.08] [2.87] [-5.77] [-4.56] [2.32] [1.01] [-15.43] [5.18] [-2.62] [-5.18] [-4.83] [-2.47] [10.13] [-4.92] [-2.06] [4.86] [-8.00] [6.80] [-2.07] [-2.09] [-7.82] [6.66] [-0.30] [0.11] [7.03] [-15.58] [10.18] [-5.51] [-1.83] [-3.22] [-6.66] [10.60] 
[-1.01] [15.39] [-0.97] [-12.83] [-10.84] [11.40] [-8.88] [-2.66] [-5.18] [2.97] [13.52] [-4.89] [4.85] [-19.15] [4.19] [4.94] [-11.30] [8.26] [-10.05] [-7.01] [1.96] [-12.94] [2.08] [-0.14] [-6.20] [7.25] [3.30] [0.80] [2.08] [-3.59] [2.30] [11.44] [-1.34] [2.88] [-15.42] [-3.63] [-7.68] [-8.83] [15.11] [7.37] [7.88] [-17.22] [-5.48] [0.58] [-15.78] [11.36] [-3.78] [1.47] [1.54] [-9.88] [-0.16] [3.52] [-0.81] [3.29] [14.13] [-1.84] [-8.71] [-9.55] [-4.84] [5.83] [-2.53] [-14.72] [-11.80] [-9.76] [3.90] [-4.95] [0.06] [6.59] [-3.60] [1.95] [-9.47] [-3.03] [-5.37] [7.39] [-8.53] [10.67] [9.00] [2.09] [-4.91] [-10.91] [-0.91] [8.40] [6.85] [3.46] [-12.78] [10.31] [-2.90] [0.25] [-5.48] [0.99] [-1.64] [-2.32] [10.90] [-24.35] [1.69] [-6.65] [-2.69] [3.99] [-8.01] [6.21] 
[-8.67] [8.02] [0.66] [-8.68] [-5.85] [12.14] [-3.11] [0.50] [6.77] [14.92] [20.04] [-1.44] [5.93] [-18.37] [3.49] [0.01] [-22.59] [-0.84] [-2.75] [-9.11] [-2.61] [-11.82] [16.02] [3.35] [-3.99] [5.53] [2.53] [1.07] [13.06] [-8.61] [-0.91] [4.90] [2.51] [2.48] [-14.23] [-11.15] [-6.24] [-7.58] [7.92] [4.79] [6.88] [-11.46] [-2.38] [4.02] [-3.67] [15.12] [-1.88] [-4.49] [0.68] [-4.78] [-0.58] [-2.49] [4.53] [0.77] [7.08] [-1.29] [-14.60] [-9.24] [8.15] [-8.74] [-9.36] [-13.22] [-7.65] [-8.39] [13.83] [0.15] [5.55] [-8.42] [-3.60] [6.24] [-2.24] [-6.38] [-1.72] [-3.89] [-7.23] [7.15] [3.40] [-0.97] [-6.66] [-12.54] [7.05] [0.15] [-2.24] [2.28] [-7.87] [7.34] [-1.72] [3.43] [-5.77] [5.49] [2.17] [-3.47] [0.17] [-16.47] [0.36] [-9.59] [-1.38] [-7.73] [1.37] [1.66] 
[-9.87] [17.99] [1.99] [0.04] [-6.42] [8.27] [-8.98] [-0.49] [-5.07] [3.22] [21.27] [-2.88] [3.02] [-12.57] [-3.67] [-1.40] [-14.09] [-0.17] [-5.63] [-7.41] [-2.85] [-9.80] [2.87] [7.84] [-6.34] [2.50] [3.02] [-0.88] [5.07] [-2.68] [13.54] [7.38] [10.22] [-0.89] [-1.34] [-9.94] [-0.63] [-6.31] [-1.79] [11.07] [8.64] [-8.55] [-1.73] [1.16] [-17.80] [18.00] [-6.81] [-0.54] [-8.77] [-1.23] [-2.87] [2.74] [-4.63] [-0.44] [0.20] [-1.21] [-11.91] [-0.59] [9.83] [2.70] [-8.35] [-9.37] [-4.19] [3.88] [11.93] [2.37] [0.64] [-3.86] [-2.54] [3.63] [0.48] [-7.17] [1.33] [-2.75] [-10.05] [11.75] [-2.37] [-10.26] [-3.31] [-2.47] [1.68] [-10.41] [0.81] [6.49] [-3.63] [4.92] [-0.93] [2.71] [-6.58] [4.00] [-1.22] [6.84] [13.42] [-15.64] [12.27] [-2.45] [-0.09] [-0.32] [-3.68] [3.73] 
[-0.87] [6.94] [-0.92] [-10.15] [-15.64] [9.87] [-3.93] [3.65] [-7.42] [10.14] [11.25] [-6.20] [5.10] [-12.21] [8.49] [0.23] [-13.21] [-1.48] [-9.79] [-5.89] [7.55] [-3.43] [3.00] [4.56] [-5.64] [11.85] [5.89] [0.90] [4.70] [-4.51] [14.60] [9.86] [0.69] [9.86] [-15.09] [-4.22] [11.82] [-10.84] [2.52] [4.59] [-1.50] [-15.88] [-9.57] [1.49] [-10.84] [22.51] [-4.54] [-4.42] [-10.85] [-1.23] [1.70] [-0.22] [1.50] [8.37] [0.99] [-8.43] [-5.80] [-5.50] [-0.16] [5.62] [-4.95] [-11.07] [-5.65] [-13.58] [13.15] [-4.38] [-2.46] [-1.63] [-2.60] [7.97] [-8.99] [-1.40] [-1.70] [0.05] [-15.57] [8.79] [-1.38] [2.42] [-5.84] [-10.84] [6.07] [-8.64] [-0.61] [4.66] [4.85] [-5.48] [1.18] [-10.72] [-7.42] [-1.43] [6.33] [-1.25] [6.41] [-11.80] [1.97] [-13.27] [-1.10] [6.54] [0.20] [8.49] 
[-4.29] [16.45] [0.67] [-9.91] [-11.89] [6.00] [-1.22] [-2.73] [-13.13] [1.16] [16.83] [-3.63] [6.31] [-11.72] [2.49] [-2.35] [-15.03] [2.30] [-9.42] [-6.04] [1.09] [-7.79] [6.06] [3.01] [-3.25] [-3.79] [5.20] [3.52] [8.57] [-4.81] [12.91] [13.30] [13.53] [2.39] [-11.22] [-4.92] [3.05] [-9.51] [9.60] [2.18] [5.31] [-5.75] [-15.15] [5.28] [-11.28] [9.70] [-2.19] [-5.22] [0.66] [-15.83] [-2.85] [5.10] [3.84] [9.16] [2.45] [-5.21] [-10.72] [-11.09] [-0.57] [2.00] [-0.53] [-1.23] [-13.99] [-3.60] [11.20] [3.72] [6.32] [-5.67] [-4.03] [3.06] [0.34] [-0.88] [-5.46] [3.61] [-11.80] [15.15] [-8.47] [-7.58] [5.41] [-8.44] [0.73] [5.58] [-1.46] [4.11] [-10.23] [11.92] [-1.55] [0.24] [-3.33] [-1.21] [2.51] [4.83] [10.34] [-14.07] [6.09] [-6.92] [-0.37] [6.06] [-0.51] [8.65] 
[4.89] [14.88] [0.81] [-12.40] [-8.46] [9.73] [-7.39] [4.21] [-3.28] [9.86] [15.15] [-1.21] [1.72] [-16.90] [8.47] [7.68] [-5.66] [3.00] [1.19] [-10.46] [0.64] [-8.06] [9.33] [3.46] [-8.53] [-2.10] [11.42] [2.61] [7.71] [2.38] [7.01] [3.61] [-1.76] [0.44] [-5.97] [-10.07] [0.26] [-6.34] [0.72] [5.68] [11.77] [-10.92] [-12.24] [0.42] [-2.96] [14.34] [-2.66] [-0.47] [0.03] [-4.35] [0.56] [8.48] [-6.57] [-3.66] [16.02] [-4.04] [-4.57] [-18.14] [9.16] [0.41] [4.18] [-14.15] [-9.38] [-10.02] [11.93] [0.46] [2.07] [-5.88] [-3.44] [-0.96] [-7.82] [-4.21] [0.15] [12.66] [-15.39] [10.58] [2.77] [-7.31] [-3.69] [-7.65] [10.38] [-1.28] [-2.70] [3.11] [-8.28] [5.45] [7.25] [-1.59] [3.26] [-1.77] [11.39] [-1.20] [4.65] [-17.17] [6.76] [-7.43] [-7.69] [-1.28] [-0.26] [3.07] 
[-0.80] [13.71] [-5.75] [-9.31] [-4.46] [4.68] [-6.39] [-4.91] [-1.32] [7.45] [12.54] [1.12] [6.95] [-4.55] [0.32] [-1.58] [-7.11] [-4.36] [-9.44] [-8.13] [0.21] [-9.88] [2.90] [3.61] [-9.80] [1.80] [3.60] [-3.08] [13.46] [0.28] [8.57] [14.54] [9.59] [-1.38] [-4.17] [-10.37] [1.17] [-7.78] [9.64] [0.85] [6.70] [-2.83] [-9.21] [4.81] [-10.63] [19.78] [-8.28] [4.56] [-0.86] [-8.24] [2.75] [0.81] [2.14] [9.55] [0.15] [-3.91] [-4.79] [-6.04] [12.08] [-2.44] [-0.73] [-7.82] [-15.88] [-4.22] [11.42] [2.92] [0.63] [-2.31] [-5.80] [2.97] [-5.67] [-2.73] [-4.58] [1.35] [-7.61] [7.92] [0.57] [-11.66] [-5.36] [-8.86] [-1.56] [-1.15] [-0.88] [10.14] [-1.49] [4.76] [7.85] [2.28] [4.05] [11.22] [9.78] [3.13] [4.39] [-12.27] [8.70] [-11.51] [-10.89] [5.35] [2.39] [3.75] 
[-5.48] [17.33] [-2.40] [-8.00] [-8.97] [1.09] [-7.98] [1.63] [-3.88] [6.05] [12.32] [-3.33] [5.48] [-12.66] [3.86] [1.63] [-20.47] [-3.36] [-6.79] [-0.54] [-5.99] [-1.34] [9.15] [8.47] [-8.64] [3.26] [1.22] [1.96] [-2.28] [5.40] [12.66] [15.58] [-1.87] [-0.91] [-13.96] [-6.45] [-0.57] [-9.84] [1.29] [9.55] [8.05] [-14.96] [-8.32] [-0.99] [-7.40] [11.70] [-14.69] [-6.45] [2.93] [-10.52] [-5.28] [-2.87] [-3.26] [6.19] [2.85] [-4.72] [-10.71] [-3.80] [1.10] [2.70] [-5.89] [-7.77] [-6.46] [0.61] [12.66] [-2.58] [4.27] [-8.26] [-6.78] [2.90] [-4.57] [-11.25] [1.33] [-1.64] [-11.13] [12.79] [2.69] [0.97] [-9.55] [-13.17] [7.96] [-5.55] [1.92] [9.23] [-12.81] [3.02] [-9.95] [-3.64] [-5.09] [7.02] [1.31] [1.11] [6.16] [-8.06] [7.08] [-6.78] [7.27] [-0.78] [-8.64] [15.41] 
[-7.23] [10.94] [4.31] [-6.45] [-12.10] [6.13] [-11.58] [-0.72] [-8.09] [8.00] [9.12] [3.07] [0.61] [-12.28] [0.04] [-0.23] [-15.23] [4.65] [-0.91] [-6.64] [10.88] [-18.13] [8.49] [0.51] [-11.47] [-2.03] [-0.87] [6.73] [7.59] [-0.46] [1.49] [4.95] [13.39] [3.21] [-11.04] [-1.15] [-7.27] [-10.32] [11.03] [5.95] [11.13] [-15.37] [-10.32] [2.20] [-8.17] [6.37] [-11.33] [-3.61] [1.45] [-10.53] [-3.13] [2.73] [4.60] [3.17] [-0.68] [-2.71] [-11.78] [-3.49] [-0.50] [2.94] [-11.01] [-9.32] [-9.63] [-6.14] [9.95] [-3.06] [0.09] [0.30] [-6.80] [7.90] [-3.49] [-1.41] [-3.14] [4.60] [-15.04] [14.96] [1.18] [-0.36] [-9.21] [-5.98] [4.20] [-6.77] [5.59] [8.41] [-3.36] [5.09] [7.43] [-2.91] [1.10] [4.12] [8.47] [1.25] [-4.64] [-14.41] [10.18] [-5.84] [2.60] [-8.09] [-12.40] [0.78] 
[-0.89] [13.05] [1.51] [-12.47] [-8.14] [12.58] [-3.61] [1.13] [-5.91] [-1.62] [7.29] [-4.08] [8.65] [-7.13] [5.83] [-1.33] [-12.68] [3.47] [0.13] [-4.58] [4.36] [-6.86] [0.52] [9.50] [-6.18] [4.84] [5.52] [1.21] [-2.68] [-3.47] [9.21] [2.51] [3.75] [-3.77] [-12.84] [-10.71] [-3.48] [-8.92] [9.94] [6.60] [13.86] [-6.69] [-10.53] [4.46] [-12.52] [19.28] [-1.91] [-7.48] [-5.98] [-7.72] [-6.67] [-1.64] [1.78] [0.87] [7.16] [-6.59] [-9.06] [-11.32] [-4.75] [-5.61] [-8.10] [-1.89] [-11.48] [-15.89] [19.35] [-5.52] [-9.87] [-9.62] [0.59] [8.56] [-3.82] [-0.81] [-2.63] [8.12] [-8.00] [14.65] [7.69] [-3.97] [-1.29] [-5.80] [2.43] [-0.37] [4.73] [1.58] [-4.83] [6.31] [8.97] [0.11] [-1.95] [-0.97] [4.20] [8.71] [0.00] [-19.06] [5.52] [-11.84] [-6.15] [-1.47] [-7.51] [7.97] 
[-4.13] [3.33] [-5.25] [-10.75] [-10.03] [6.40] [-12.38] [-1.45] [-5.38] [6.63] [10.33] [-6.34] [11.61] [-21.36] [9.51] [-6.88] [-13.68] [3.24] [-0.73] [-6.07] [9.45] [-8.98] [-5.36] [-0.86] [-8.36] [2.77] [11.37] [-0.63] [1.72] [-0.71] [10.25] [-2.81] [14.52] [-1.97] [-4.23] [-9.64] [5.28] [-9.11] [2.42] [9.17] [7.09] [-8.52] [0.13] [10.14] [-6.71] [17.16] [-9.98] [-1.35] [7.15] [-10.34] [-4.17] [-4.08] [-2.33] [1.69] [12.13] [1.99] [-19.63] [-6.01] [3.43] [5.04] [2.80] [-14.16] [-8.89] [-7.56] [8.28] [-2.65] [-2.03] [-7.39] [-3.98] [-0.44] [-1.37] [-8.61] [-0.65] [2.31] [-12.01] [17.29] [-0.99] [4.96] [-3.70] [-9.44] [2.53] [-2.49] [1.12] [9.37] [-1.33] [0.04] [2.27] [-3.30] [-5.86] [-2.26] [0.73] [2.65] [2.37] [-10.44] [5.62] [-9.06] [-11.12] [1.04] [-2.02] [9.62] 
[-7.95] [8.95] [0.12] [-12.66] [-5.82] [8.25] [-4.68] [3.42] [-8.05] [4.63] [13.12] [-3.70] [4.05] [-10.76] [6.90] [2.67] [-19.31] [-0.03] [-15.10] [-9.05] [-5.10] [-8.94] [5.49] [0.91] [-8.45] [0.91] [3.34] [4.58] [5.09] [-0.44] [11.18] [6.20] [6.67] [1.29] [-18.03] [-7.59] [4.42] [-11.71] [9.57] [4.47] [13.65] [-9.49] [-8.22] [3.88] [-9.31] [16.60] [-8.87] [-7.45] [-2.06] [-15.95] [-3.71] [7.74] [-0.27] [-3.04] [6.37] [-1.64] [-14.65] [-14.18] [8.63] [-5.18] [-13.53] [-11.20] [-8.72] [-4.49] [9.32] [-5.72] [6.78] [-9.60] [-3.30] [6.70] [-6.59] [1.58] [-4.18] [5.48] [-9.76] [8.04] [3.20] [-4.82] [-6.38] [-11.21] [9.64] [-1.72] [10.03] [5.24] [-3.71] [0.73] [-0.50] [-5.91] [-1.26] [-4.35] [-4.16] [-4.47] [8.95] [-16.44] [3.46] [-13.79] [6.52] [-1.90] [-11.21] [8.56] 
[-10.88] [13.57] [-3.66] [-9.93] [-7.73] [3.56] [-8.59] [-5.34] [-12.06] [9.10] [10.67] [-3.04] [4.80] [-13.92] [7.51] [0.15] [-8.88] [-4.33] [-3.59] [-15.33] [-10.20] [-9.94] [10.59] [-6.24] [-2.66] [5.83] [-2.66] [-3.38] [9.95] [2.52] [10.57] [8.47] [12.04] [3.83] [-5.64] [-11.38] [0.77] [-12.39] [4.16] [9.20] [4.30] [-8.30] [-10.92] [0.32] [-5.28] [10.73] [-6.35] [-6.55] [6.49] [-14.97] [-9.69] [5.79] [6.02] [10.46] [3.56] [-4.21] [-11.19] [-1.57] [1.22] [2.82] [-5.87] [-8.14] [-4.23] [-11.51] [12.70] [-7.18] [1.76] [-8.14] [-6.42] [13.08] [-7.23] [-10.42] [-1.72] [3.30] [-18.95] [16.64] [-5.07] [-2.29] [-3.66] [-9.76] [13.42] [-1.93] [9.69] [6.34] [0.23] [4.63] [-3.93] [-0.37] [-1.36] [3.74] [9.88] [-3.09] [2.71] [-15.19] [1.96] [2.69] [6.24] [-0.22] [1.60] [-3.39] 
[-11.22] [11.92] [-4.00] [-11.72] [-14.92] [3.97] [-14.62] [-1.38] [-1.97] [9.74] [5.60] [-7.04] [7.04] [-11.73] [3.66] [1.11] [-18.59] [-4.93] [-7.52] [-7.31] [2.63] [-13.18] [6.05] [1.20] [-8.51] [4.75] [10.14] [7.59] [7.23] [-0.17] [12.46] [9.28] [0.80] [-9.01] [-11.91] [-10.08] [1.92] [1.07] [9.68] [7.18] [-0.42] [-11.82] [-3.16] [4.04] [-0.61] [15.68] [-11.47] [-4.14] [-2.98] [-7.50] [0.66] [3.87] [-2.16] [4.86] [0.52] [3.03] [-2.10] [-5.49] [2.42] [-1.38] [-5.58] [-11.42] [-8.78] [-8.08] [9.74] [-4.52] [-5.39] [1.56] [-6.42] [1.08] [-0.81] [-5.40] [1.51] [-3.62] [-7.94] [12.57] [-0.82] [1.95] [-0.72] [-4.48] [11.18] [-11.02] [8.39] [6.12] [-6.14] [3.06] [3.89] [-4.06] [-5.22] [-0.35] [1.89] [-9.24] [9.12] [-9.98] [11.42] [-6.35] [-4.29] [2.56] [1.21] [4.46] 
[-4.57] [17.18] [3.11] [-9.03] [-6.90] [7.68] [-0.93] [-0.28] [-0.77] [12.74] [15.78] [1.44] [8.40] [-1.94] [7.55] [-3.01] [-13.84] [-5.72] [2.64] [-8.17] [1.47] [-9.29] [6.78] [2.87] [-11.38] [7.82] [2.68] [5.97] [5.46] [1.66] [-0.69] [9.94] [5.76] [2.79] [-10.55] [-8.57] [-4.83] [-13.01] [1.80] [-1.00] [8.24] [-17.72] [-12.56] [0.37] [-16.88] [13.22] [-2.27] [-3.73] [-0.80] [-19.26] [-5.98] [8.38] [-9.37] [1.60] [15.63] [-0.59] [-0.93] [-2.13] [6.20] [1.62] [-7.00] [-7.89] [-8.33] [-5.21] [7.90] [-3.98] [1.16] [-3.68] [-6.30] [4.49] [-0.41] [-6.90] [-3.71] [-3.63] [-12.65] [9.13] [-1.29] [-8.98] [-2.67] [-10.33] [-3.92] [-4.10] [6.47] [6.09] [-11.61] [0.36] [1.48] [-1.59] [-9.59] [8.46] [3.01] [-3.08] [2.71] [-8.97] [6.66] [-6.74] [-6.54] [5.88] [-0.00] [-0.68] 
[-0.08] [14.02] [-3.61] [-6.89] [-8.94] [7.49] [-12.90] [4.93] [-3.34] [-1.68] [15.91] [-3.86] [8.50] [-19.86] [-1.14] [-4.78] [-14.37] [1.68] [-7.93] [-7.22] [1.99] [-17.76] [10.49] [-0.16] [-5.92] [4.09] [0.02] [6.06] [5.10] [-6.34] [6.85] [3.15] [4.23] [-1.19] [-7.59] [-3.57] [-2.26] [-7.31] [4.67] [-0.97] [7.23] [-6.22] [-3.68] [2.65] [-14.27] [6.37] [-3.65] [-0.09] [7.59] [-16.87] [-2.52] [-3.89] [0.00] [3.74] [1.62] [2.20] [-2.83] [-0.86] [-1.21] [6.41] [-0.64] [-8.35] [-12.33] [-4.06] [7.53] [4.83] [4.58] [1.07] [-13.12] [7.05] [-6.38] [-6.00] [-6.32] [-3.00] [-5.17] [17.16] [4.79] [-0.88] [-10.31] [-10.79] [3.67] [0.00] [-2.40] [2.08] [-2.43] [7.75] [3.37] [-4.21] [-0.97] [0.66] [-0.83] [0.07] [3.38] [-9.93] [7.95] [-16.93] [-4.90] [-4.88] [-2.07] [10.05] 
[0.82] [20.49] [2.51] [-14.95] [-9.92] [10.07] [-4.36] [0.95] [-3.30] [10.62] [9.14] [-1.67] [7.46] [-11.82] [4.48] [3.52] [-12.52] [0.71] [-5.80] [-10.41] [10.98] [-13.75] [12.07] [6.62] [-2.77] [1.06] [-1.05] [4.43] [-0.46] [-0.53] [-0.90] [11.98] [1.47] [7.02] [-2.93] [-4.71] [2.04] [-1.86] [9.48] [4.04] [4.21] [-4.75] [-2.46] [3.26] [-10.36] [12.69] [2.65] [-3.97] [1.80] [-8.86] [-4.12] [3.76] [-2.27] [1.15] [10.67] [-3.68] [-15.86] [-13.45] [3.09] [-1.04] [-2.25] [-15.05] [-8.61] [-12.89] [15.86] [-5.58] [3.83] [-9.30] [-0.87] [3.39] [-2.38] [-11.93] [5.34] [1.44] [-13.30] [13.00] [3.24] [-8.58] [-4.86] [-18.29] [6.34] [-5.49] [3.20] [8.89] [-2.40] [3.23] [-5.44] [6.23] [-4.72] [3.12] [5.23] [3.54] [3.70] [-16.36] [12.50] [-10.61] [7.02] [-0.99] [4.28] [-1.39] 
[-11.44] [11.11] [1.67] [-0.73] [-3.21] [7.29] [-12.22] [0.52] [-5.80] [8.52] [12.05] [-6.05] [12.71] [-6.44] [0.15] [-5.92] [-20.21] [0.38] [-9.73] [-7.02] [3.26] [-7.12] [7.80] [10.11] [-5.84] [1.29] [3.21] [5.52] [1.80] [0.75] [4.77] [2.89] [2.62] [0.83] [-14.77] [-4.07] [4.61] [-3.25] [4.37] [4.12] [4.46] [-14.70] [-4.18] [-2.28] [-6.96] [9.73] [-4.07] [1.31] [3.12] [-5.03] [3.33] [5.60] [-9.56] [-1.32] [5.53] [1.74] [-15.86] [-7.46] [1.28] [1.83] [-0.71] [-11.38] [-13.68] [-10.55] [2.20] [-8.11] [-0.27] [4.84] [-1.24] [7.71] [-6.31] [1.15] [-1.01] [1.61] [-6.21] [15.16] [3.81] [-1.29] [-3.26] [-13.66] [6.80] [2.59] [1.09] [3.87] [1.02] [-2.67] [-3.27] [2.42] [1.28] [11.27] [0.36] [-3.63] [13.74] [-8.61] [10.45] [-9.37] [-6.52] [-9.16] [-5.84] [-2.26] 
[-7.33] [11.76] [1.86] [-10.67] [-12.09] [10.26] [-14.71] [-2.05] [-8.59] [17.45] [20.39] [-5.81] [9.82] [-23.68] [8.83] [-1.63] [-17.59] [7.00] [-3.44] [-7.50] [3.75] [-6.21] [4.79] [2.86] [-7.80] [-0.96] [-2.68] [6.67] [-0.20] [4.09] [9.82] [8.13] [0.99] [0.40] [-10.44] [-1.08] [-1.99] [-4.66] [8.50] [12.21] [0.87] [-5.82] [-6.06] [2.62] [-1.54] [10.22] [4.27] [-0.88] [-2.10] [-13.49] [1.70] [-1.68] [-7.43] [-4.10] [3.31] [-3.95] [-8.86] [-7.48] [3.16] [0.75] [-7.50] [-12.21] [-9.87] [-13.38] [6.49] [-3.66] [0.43] [-5.64] [-3.45] [-1.29] [-1.16] [-7.05] [-1.38] [1.72] [-11.82] [16.36] [1.86] [4.83] [-3.29] [-13.11] [2.85] [-5.29] [-0.02] [8.24] [-7.82] [-2.82] [3.75] [-5.91] [-7.81] [8.25] [-0.52] [-2.25] [1.90] [-10.99] [8.99] [-11.73] [1.32] [-2.57] [-2.41] [-4.24] 
[0.61] [6.18] [-3.21] [-6.81] [-9.39] [7.31] [-5.45] [-1.89] [-7.91] [6.94] [12.92] [-0.66] [7.50] [-16.94] [7.25] [-0.12] [-8.98] [-0.63] [-8.66] [-7.96] [4.27] [1.10] [2.35] [0.41] [-10.15] [1.55] [7.10] [5.84] [8.67] [-9.52] [12.94] [6.68] [9.34] [1.17] [-9.15] [-7.28] [1.75] [-10.28] [1.06] [-1.30] [0.71] [-7.32] [-9.33] [2.87] [-2.37] [14.16] [-8.59] [-0.71] [8.31] [-0.63] [4.53] [11.03] [2.83] [5.28] [4.32] [-5.22] [-7.20] [-12.93] [11.53] [-0.92] [-1.15] [-8.65] [-7.50] [-8.24] [14.39] [-0.75] [0.14] [-3.06] [-6.58] [-0.64] [-5.48] [-6.72] [-0.50] [1.51] [-7.64] [15.89] [-2.85] [0.17] [3.92] [-17.93] [14.61] [-9.33] [3.00] [9.90] [-5.18] [3.63] [-2.81] [-3.89] [-5.48] [5.80] [7.00] [0.01] [9.28] [-15.82] [11.56] [-11.46] [-2.83] [-4.15] [-5.33] [9.12] 
[2.39] [10.58] [-8.19] [-8.19] [-9.07] [11.34] [-6.15] [1.00] [-4.48] [1.15] [12.71] [2.22] [1.22] [-8.95] [6.20] [-4.86] [-19.91] [7.55] [-5.51] [-8.84] [-4.43] [-6.60] [10.02] [-2.53] [-2.82] [-5.34] [-1.44] [5.66] [5.97] [1.84] [15.87] [7.47] [1.53] [3.57] [-4.90] [-7.38] [-0.10] [-10.20] [8.80] [3.67] [11.91] [-2.43] [-13.76] [2.31] [-12.31] [16.04] [-1.58] [-9.01] [3.19] [-18.11] [-4.96] [2.45] [-3.39] [1.65] [17.59] [-3.30] [-11.78] [-2.55] [-4.95] [-6.19] [-14.32] [-12.39] [-8.24] [-16.47] [11.18] [0.46] [0.10] [-6.01] [-9.23] [-3.33] [1.59] [-3.59] [-0.50] [8.08] [-10.59] [8.45] [3.08] [-7.07] [-7.03] [-3.61] [7.53] [-0.96] [6.26] [7.50] [-8.76] [3.12] [3.62] [0.58] [-0.34] [0.60] [0.09] [-0.77] [1.80] [-7.41] [16.16] [-5.95] [-5.27] [-0.08] [-6.44] [-3.35] 
[-5.16] [12.64] [-0.48] [-4.28] [-10.86] [10.78] [-6.65] [-2.79] [-11.75] [9.75] [17.63] [-5.80] [7.49] [-8.67] [7.82] [-2.60] [-19.68] [-3.44] [-5.27] [-12.34] [1.06] [-6.60] [1.01] [4.59] [-4.96] [3.25] [-0.78] [2.75] [8.71] [-0.78] [7.25] [6.87] [6.98] [-3.83] [-3.32] [-1.15] [7.14] [-11.19] [0.55] [-0.36] [8.47] [-0.88] [-5.78] [7.13] [-8.68] [8.42] [-5.29] [-5.81] [0.72] [-3.36] [0.99] [5.62] [-3.31] [7.90] [8.76] [-2.67] [-12.64] [-9.80] [3.96] [-6.38] [-7.09] [-5.64] [-10.77] [-12.41] [9.38] [-2.02] [2.36] [-3.62] [-5.54] [1.31] [0.37] [-4.03] [-0.05] [-0.51] [1.26] [14.42] [-2.13] [-8.89] [-10.97] [-8.41] [7.20] [-2.13] [0.72] [2.50] [-9.82] [6.57] [-2.66] [8.55] [-2.76] [4.92] [8.22] [2.82] [4.37] [-14.88] [7.18] [-15.94] [1.92] [4.41] [2.55] [5.32] 
[5.96] [8.27] [-7.89] [-12.93] [-7.98] [8.92] [-8.25] [-1.09] [-4.78] [4.70] [15.14] [0.45] [8.81] [-14.23] [3.52] [2.87] [-13.73] [5.54] [-5.89] [0.46] [-0.21] [-4.16] [10.17] [4.67] [-8.24] [4.26] [4.23] [0.36] [4.43] [-7.68] [11.95] [3.28] [4.88] [-8.69] [-15.09] [0.86] [0.42] [-9.02] [6.76] [2.25] [8.44] [-11.53] [-13.10] [3.44] [-3.78] [18.21] [0.10] [-5.96] [-5.91] [-6.21] [5.33] [3.56] [-8.96] [5.18] [2.68] [-10.08] [-0.73] [-2.83] [-3.98] [-0.39] [-3.33] [-5.09] [-3.56] [-8.19] [10.13] [5.89] [-0.31] [-11.25] [-7.14] [-4.49] [-7.47] [-1.16] [4.72] [6.93] [-19.51] [8.04] [2.61] [3.57] [-6.29] [0.44] [7.93] [-2.61] [1.88] [3.82] [-1.84] [0.08] [-4.35] [-5.17] [4.14] [11.20] [-1.91] [1.88] [11.14] [-12.40] [6.17] [-7.61] [-5.00] [-1.41] [-3.12] [5.12] 
[-2.41] [13.67] [1.58] [-4.92] [-11.56] [1.67] [-7.43] [-5.22] [-9.07] [6.64] [17.76] [2.57] [-2.30] [-10.07] [4.19] [-0.57] [-17.81] [6.58] [-13.52] [-10.58] [1.89] [-8.17] [2.30] [4.28] [-9.01] [-7.17] [2.38] [4.24] [8.62] [-1.01] [9.61] [3.44] [-0.68] [-1.76] [-14.42] [-6.54] [2.10] [-9.53] [0.49] [3.07] [-2.69] [-13.92] [-3.58] [8.37] [0.69] [15.97] [-5.07] [2.63] [7.05] [-16.20] [3.02] [4.35] [5.54] [-2.80] [5.58] [-2.91] [-8.04] [-5.44] [-3.53] [3.81] [-5.41] [-12.98] [-3.89] [-6.84] [10.12] [-7.45] [2.87] [-6.50] [-4.82] [5.09] [-8.07] [0.59] [1.28] [6.53] [-2.87] [9.67] [4.69] [-0.01] [-5.75] [-8.89] [6.25] [-3.78] [3.31] [8.02] [-5.59] [4.77] [1.41] [-6.18] [-1.30] [-0.88] [2.54] [-10.21] [1.10] [-16.69] [15.92] [-3.18] [1.29] [2.77] [-5.36] [5.45] 
[-6.01] [9.76] [-1.36] [-6.55] [-5.55] [9.08] [-0.16] [6.34] [1.16] [6.77] [16.19] [1.20] [6.76] [-11.52] [11.48] [1.40] [-16.24] [-1.67] [-6.21] [-12.64] [-1.15] [-9.75] [5.57] [8.19] [-10.96] [5.51] [3.79] [5.05] [6.80] [0.21] [-3.22] [13.65] [1.11] [-5.39] [-15.18] [-7.20] [5.91] [-8.22] [2.88] [0.03] [9.64] [-11.82] [-14.77] [2.55] [-10.15] [16.85] [-0.13] [-6.56] [-3.01] [-11.95] [-0.69] [13.32] [-2.53] [-4.20] [9.77] [0.12] [-10.75] [-2.12] [0.61] [-9.59] [-12.82] [-6.76] [-9.74] [-9.68] [14.77] [-1.86] [1.57] [-2.87] [-6.20] [-2.14] [-3.80] [-4.02] [-0.65] [5.53] [-12.39] [16.51] [1.31] [-4.76] [-15.51] [-13.17] [12.65] [1.63] [-2.32] [5.64] [-7.96] [6.77] [-1.56] [3.54] [-8.93] [1.27] [1.02] [0.01] [-2.97] [-9.90] [7.28] [-11.22] [1.95] [-0.12] [4.34] [-0.93] 
[-12.98] [8.53] [-3.01] [-2.65] [-5.03] [4.86] [-7.58] [-4.54] [-8.64] [5.68] [18.01] [2.41] [13.95] [-11.03] [3.00] [-5.88] [-15.10] [-6.65] [-7.23] [-6.94] [2.19] [-11.03] [5.89] [-0.61] [-3.74] [6.51] [7.58] [3.49] [7.70] [9.45] [14.12] [6.34] [-3.00] [-2.25] [-12.33] [-5.41] [2.07] [-6.20] [11.63] [5.28] [6.09] [-14.07] [-3.81] [6.96] [-6.07] [12.96] [-3.24] [-7.28] [3.54] [-13.57] [2.73] [4.02] [-7.50] [-4.16] [6.64] [6.86] [-13.22] [-14.10] [1.56] [0.17] [-10.65] [-9.42] [-9.06] [-3.96] [3.81] [-4.72] [4.03] [0.50] [-5.32] [5.80] [-1.23] [-2.71] [6.86] [6.10] [-4.39] [7.71] [1.88] [-6.96] [-13.30] [-8.33] [3.70] [-0.19] [-7.44] [4.53] [-15.19] [-1.25] [6.60] [1.62] [-3.87] [4.82] [0.92] [-0.26] [8.78] [-13.88] [6.96] [-2.08] [7.41] [-1.20] [-1.73] [1.64] 
[-8.31] [12.93] [3.06] [-15.12] [-12.43] [5.08] [-11.78] [-1.16] [-3.07] [4.95] [15.18] [-6.11] [9.50] [-10.38] [-7.19] [1.13] [-14.31] [2.37] [-4.57] [-13.56] [-9.29] [-16.02] [-8.27] [1.68] [-2.14] [5.51] [-1.43] [-0.45] [8.04] [3.23] [8.61] [5.71] [11.29] [0.05] [-13.45] [-0.02] [-4.38] [-0.49] [4.05] [0.45] [7.54] [-7.27] [-7.79] [-1.16] [0.36] [21.54] [-6.72] [-3.42] [5.59] [-5.52] [0.62] [4.88] [-0.51] [-0.53] [8.08] [-7.88] [-14.30] [-8.39] [10.45] [3.02] [-8.02] [-7.43] [-20.36] [-16.93] [7.94] [-0.17] [-3.07] [-6.66] [-2.78] [0.89] [-10.60] [1.91] [-2.13] [8.94] [-12.24] [19.46] [1.54] [4.44] [0.05] [-9.29] [1.61] [-1.64] [2.26] [7.96] [-6.10] [-2.05] [10.05] [0.68] [-1.24] [6.40] [6.19] [-9.04] [5.83] [-18.14] [0.86] [-2.22] [0.01] [-3.86] [1.67] [4.28] 
[-6.26] [10.91] [-1.40] [-8.23] [-8.06] [14.79] [-6.18] [1.23] [-6.26] [9.79] [17.50] [-0.90] [2.86] [-12.56] [7.62] [-3.06] [-10.53] [6.14] [-3.68] [-1.81] [-1.33] [-11.65] [-4.93] [7.94] [-9.15] [-0.24] [2.27] [6.85] [7.55] [0.89] [6.39] [7.91] [0.02] [-0.92] [-13.95] [-7.84] [2.18] [-8.27] [4.57] [-3.70] [14.04] [-12.14] [-16.84] [1.57] [-10.12] [13.58] [-2.36] [-6.37] [6.85] [-20.18] [-2.90] [-3.49] [-2.02] [0.56] [1.48] [-0.09] [-9.50] [-3.87] [8.80] [7.75] [-8.25] [-5.73] [-10.14] [-13.11] [8.71] [-1.12] [8.40] [-4.14] [-10.95] [5.34] [8.40] [-8.02] [-3.43] [1.01] [-8.56] [14.80] [-1.61] [-3.97] [-3.80] [-8.52] [8.95] [3.73] [6.55] [2.94] [-7.14] [6.56] [-2.76] [4.07] [-4.83] [10.55] [13.42] [-1.71] [5.08] [-16.05] [4.43] [2.44] [-4.16] [-2.67] [-9.30] [-0.01] 
[-6.34] [14.53] [-6.96] [-8.36] [-11.52] [6.83] [-6.73] [-0.05] [-4.50] [5.67] [13.21] [-8.89] [6.17] [-8.35] [5.34] [-2.73] [-17.91] [1.71] [-2.59] [-7.52] [-1.94] [-7.71] [8.49] [9.47] [-5.96] [-4.71] [0.61] [-1.08] [5.64] [-0.89] [12.23] [8.64] [-2.93] [1.23] [-15.01] [-9.69] [-2.01] [-8.83] [4.41] [8.90] [4.46] [-7.80] [-5.05] [7.88] [-6.69] [21.71] [3.55] [2.54] [3.18] [-2.86] [-0.39] [-6.14] [-1.38] [-5.27] [6.78] [2.92] [-11.75] [3.49] [6.84] [3.01] [-6.74] [-7.59] [-0.99] [-4.90] [7.89] [-6.26] [-8.20] [-5.75] [-1.77] [1.68] [-3.39] [-7.31] [2.04] [5.63] [-16.68] [12.81] [-1.21] [-3.77] [-0.85] [-5.77] [13.54] [-1.39] [0.38] [15.23] [-8.31] [1.04] [2.46] [-3.66] [-3.33] [3.08] [4.39] [6.88] [1.36] [-15.55] [12.30] [-11.63] [-5.72] [-4.64] [-3.39] [5.78] 
[-0.15] [11.75] [3.30] [-3.39] [-13.03] [7.41] [-14.74] [1.58] [-2.93] [-7.60] [6.79] [3.25] [8.54] [-9.59] [1.95] [-2.31] [-13.34] [-4.74] [-3.79] [-4.50] [3.57] [-10.71] [6.29] [3.73] [-4.46] [0.40] [5.94] [0.20] [-0.05] [-3.94] [11.87] [10.11] [0.08] [10.38] [-18.10] [-8.57] [-4.26] [-2.34] [7.73] [3.58] [6.91] [-13.70] [-10.70] [3.79] [-7.69] [13.24] [-0.42] [-3.15] [-0.48] [-15.82] [-7.50] [-2.04] [-8.55] [-0.40] [8.48] [0.13] [-15.85] [-3.06] [-1.37] [-2.73] [-4.32] [-10.84] [-3.92] [-12.32] [8.24] [-8.43] [2.49] [-6.13] [3.15] [8.66] [-3.97] [-2.42] [6.15] [3.28] [-7.82] [6.83] [-1.21] [-5.60] [-7.32] [-12.86] [11.39] [-3.97] [4.55] [5.03] [-6.54] [11.06] [-3.02] [3.86] [-7.40] [3.73] [5.85] [3.37] [8.05] [-15.87] [11.61] [-5.40] [-11.22] [-0.06] [0.99] [3.39] 
[-7.81] [13.29] [-2.29] [-6.73] [-7.53] [7.29] [-7.24] [3.61] [-6.33] [9.84] [4.90] [2.43] [7.14] [-6.76] [7.62] [2.35] [-18.78] [2.42] [0.66] [-9.32] [0.74] [-2.94] [3.74] [9.16] [-3.34] [2.03] [-2.91] [6.35] [4.62] [-6.42] [8.01] [6.42] [7.55] [10.33] [-11.47] [-9.96] [3.37] [-3.92] [12.13] [6.05] [4.62] [-15.40] [-8.14] [-1.84] [-5.94] [7.17] [-3.08] [-5.39] [1.30] [-10.64] [1.10] [8.26] [-4.69] [-1.60] [13.01] [-5.46] [-14.17] [-5.99] [7.00] [6.09] [0.17] [-3.32] [-3.12] [-13.31] [6.55] [-4.99] [3.64] [-10.03] [-2.32] [7.69] [-2.39] [-0.81] [1.48] [1.95] [-10.51] [11.49] [-1.88] [-7.51] [-5.67] [-13.96] [7.66] [-4.22] [7.33] [13.17] [-9.59] [1.68] [3.23] [-5.61] [-3.40] [14.72] [3.88] [-6.36] [8.40] [-13.65] [7.00] [-7.92] [3.58] [-6.94] [-5.31] [4.86] 
[-7.54] [6.76] [-6.17] [-12.81] [-7.78] [18.00] [-3.40] [-2.64] [-2.98] [0.32] [16.39] [-4.13] [16.46] [-2.18] [4.91] [-1.15] [-16.03] [-3.62] [-8.69] [-5.32] [2.48] [-13.03] [6.08] [-3.40] [-7.02] [10.09] [2.61] [6.24] [1.76] [-8.18] [10.22] [6.27] [-3.88] [-0.05] [-7.15] [-2.47] [1.53] [-2.13] [1.96] [9.34] [8.95] [-11.41] [-11.55] [1.09] [-1.10] [7.44] [-0.16] [-1.88] [-5.69] [-7.87] [-5.83] [-3.53] [-6.01] [3.40] [7.48] [-3.17] [-16.29] [-0.75] [-1.12] [-0.32] [-4.17] [-4.38] [-7.99] [-4.60] [9.76] [-3.44] [-6.54] [-3.67] [-3.11] [5.59] [-1.05] [-7.71] [1.45] [6.32] [-13.58] [8.58] [-1.03] [-1.95] [-2.87] [-3.99] [4.15] [1.68] [2.77] [7.13] [-10.13] [-2.07] [-3.01] [3.55] [2.19] [10.58] [6.30] [-0.01] [14.11] [-15.51] [3.15] [-10.24] [0.50] [2.97] [-1.12] [3.45] 
[-6.72] [15.53] [0.10] [-16.67] [-3.88] [12.33] [-10.39] [0.16] [-4.68] [6.03] [10.06] [-0.61] [11.08] [-8.30] [13.17] [-1.21] [-14.22] [1.93] [-8.07] [-5.57] [6.53] [-6.46] [-2.47] [4.44] [-8.54] [8.07] [-2.12] [5.38] [5.36] [-1.55] [11.08] [11.18] [0.21] [3.59] [-17.17] [-4.55] [-1.42] [-0.72] [2.29] [2.14] [8.67] [-14.47] [-7.08] [0.29] [-9.55] [10.81] [-6.94] [-6.35] [7.01] [-6.20] [5.95] [4.98] [2.16] [5.65] [4.99] [0.97] [-4.99] [-4.48] [4.63] [-1.03] [-10.11] [-5.48] [-7.64] [-7.16] [14.31] [3.26] [1.82] [-3.85] [-4.01] [2.90] [-2.36] [-2.99] [-2.00] [6.15] [-14.74] [11.15] [-4.55] [-2.24] [-12.51] [-10.53] [0.99] [-4.24] [0.30] [11.14] [-9.44] [-1.51] [5.06] [0.83] [-6.65] [2.32] [3.88] [3.55] [6.80] [-13.91] [10.68] [-6.84] [0.25] [-7.84] [1.72] [2.57] 
[-11.18] [16.47] [3.42] [-11.92] [-6.38] [5.48] [-6.74] [-1.67] [-4.66] [4.43] [7.46] [-3.83] [13.63] [-13.49] [1.79] [-6.12] [-13.50] [1.63] [-0.07] [-6.55] [-0.64] [-9.32] [-2.85] [2.42] [-10.54] [4.51] [8.60] [1.83] [3.79] [2.14] [11.35] [7.56] [3.20] [0.68] [-12.19] [-8.83] [-1.25] [-5.34] [1.47] [9.70] [5.98] [-2.38] [-15.19] [-2.35] [-8.29] [11.35] [-0.95] [-1.27] [4.84] [-10.67] [-3.77] [5.33] [1.49] [3.64] [8.96] [-5.76] [-8.17] [-2.31] [8.67] [-5.31] [-7.03] [-2.20] [-5.57] [-5.64] [12.51] [1.94] [1.82] [-3.19] [-3.56] [4.85] [-0.21] [-4.92] [1.58] [-2.73] [-7.10] [10.19] [-4.51] [-7.30] [-7.14] [-3.13] [9.57] [-9.15] [5.55] [0.74] [-11.14] [-0.08] [0.78] [3.41] [-12.58] [4.23] [4.78] [-3.93] [6.51] [-10.67] [8.32] [-0.78] [-1.54] [2.40] [-0.63] [8.79] 
[0.74] [10.13] [-2.19] [-12.96] [-13.86] [8.55] [-3.27] [2.61] [-5.81] [7.93] [11.99] [-4.10] [6.80] [-11.90] [5.38] [-1.70] [-18.05] [-0.19] [-3.15] [-7.65] [-2.68] [-7.55] [11.61] [1.88] [-12.39] [3.59] [1.18] [6.94] [5.26] [1.35] [5.81] [7.82] [4.86] [0.45] [-8.06] [-10.49] [1.18] [-8.88] [6.48] [0.00] [1.99] [-6.99] [-8.07] [6.19] [-3.33] [13.88] [-4.45] [-2.63] [2.94] [-13.40] [2.13] [1.34] [3.23] [-2.29] [-2.67] [-5.91] [-7.55] [-7.73] [11.78] [-15.15] [-12.89] [-10.71] [-11.66] [-13.54] [14.97] [-3.07] [-0.61] [-6.44] [-4.92] [8.80] [-5.35] [-3.71] [6.42] [-0.23] [-5.42] [15.78] [-0.49] [-2.89] [-2.91] [-6.33] [-1.03] [-4.48] [1.71] [2.94] [-11.32] [-0.71] [7.02] [-7.25] [-9.15] [4.52] [9.82] [2.01] [7.88] [-9.18] [5.24] [-7.37] [-0.23] [-5.93] [0.84] [1.89] 
[-4.63] [6.72] [2.98] [-6.09] [-9.95] [4.13] [-5.31] [-0.76] [-7.56] [1.73] [19.72] [-6.53] [5.07] [-9.44] [7.03] [6.30] [-17.64] [-7.76] [-0.81] [-6.29] [2.11] [-7.33] [10.06] [2.53] [-0.11] [4.11] [7.60] [6.05] [-7.40] [-4.73] [3.51] [9.10] [4.24] [5.79] [-13.50] [-7.73] [3.52] [-6.55] [1.81] [-4.40] [7.45] [-9.06] [-2.55] [6.30] [-12.41] [21.37] [-8.47] [0.09] [2.58] [-8.58] [-4.77] [3.50] [-10.30] [-3.50] [10.12] [-1.13] [-16.20] [-0.63] [2.09] [-4.10] [-1.03] [-8.79] [-9.39] [-7.39] [10.23] [-8.90] [5.78] [-7.24] [-9.94] [5.82] [-7.54] [-4.15] [-4.41] [0.88] [-23.27] [12.22] [-3.74] [-1.85] [-0.74] [-1.68] [-0.93] [-5.25] [5.69] [7.30] [-3.06] [6.24] [-5.07] [-1.71] [-5.59] [0.72] [1.81] [-0.64] [8.25] [-11.52] [7.19] [-11.31] [1.23] [-4.32] [-1.76] [4.78] 
[-3.43] [15.72] [-11.61] [-5.88] [-19.70] [1.24] [-4.94] [-3.03] [-2.32] [14.03] [11.70] [0.58] [9.22] [-9.39] [-0.97] [6.72] [-17.48] [-1.09] [-3.59] [-10.12] [5.10] [-8.70] [3.87] [6.41] [-8.97] [8.30] [9.99] [3.52] [0.95] [0.73] [6.06] [17.03] [-0.19] [10.09] [-13.14] [2.58] [1.11] [-13.48] [7.28] [3.35] [9.57] [-14.90] [-14.59] [6.94] [-1.50] [14.05] [-1.35] [-1.33] [-4.53] [-0.37] [-5.17] [-3.50] [-6.17] [-3.93] [12.76] [-4.55] [-13.65] [-3.23] [7.17] [12.13] [-8.12] [-7.02] [-8.32] [-9.73] [3.10] [-2.57] [-1.99] [-1.59] [-2.05] [6.51] [-4.44] [-10.38] [0.38] [1.49] [-9.53] [12.01] [-3.55] [0.82] [-2.91] [-1.84] [5.71] [2.50] [1.84] [8.18] [-6.92] [6.35] [-3.72] [-10.22] [2.44] [4.93] [9.31] [8.25] [5.43] [-18.48] [5.60] [1.31] [1.09] [7.42] [-3.01] [-1.49] 
[-6.85] [19.97] [-5.21] [-9.61] [-12.58] [9.80] [-13.96] [-0.73] [-6.19] [3.70] [10.31] [1.29] [12.03] [-4.98] [-4.08] [-4.63] [-13.74] [0.78] [-5.87] [-3.55] [-1.94] [-7.69] [6.58] [1.59] [-11.38] [8.25] [3.31] [-2.03] [2.30] [-9.37] [12.64] [5.93] [2.20] [2.02] [-15.36] [-5.04] [-1.41] [1.53] [8.35] [1.45] [-1.39] [-19.30] [-13.48] [14.96] [-2.53] [13.69] [-8.91] [1.76] [-5.75] [-10.60] [2.02] [4.43] [-2.98] [5.49] [7.47] [-1.27] [-14.24] [-1.34] [8.71] [-2.15] [-8.53] [-11.27] [-14.03] [1.39] [14.54] [10.00] [2.65] [-4.34] [-4.68] [-3.45] [-8.55] [-0.04] [3.68] [-0.65] [-11.94] [13.72] [-0.34] [0.20] [-11.85] [-10.99] [-0.07] [2.02] [6.02] [7.56] [-8.55] [-0.27] [3.00] [-4.10] [-7.90] [7.70] [10.14] [7.22] [14.67] [-15.47] [13.59] [-15.59] [-0.81] [-5.86] [-1.65] [8.80] 
[0.58] [16.99] [-0.21] [-13.04] [-17.26] [10.09] [0.67] [-1.54] [4.08] [7.36] [12.50] [4.75] [8.84] [-9.65] [-4.94] [-1.12] [-14.92] [-1.04] [-0.47] [-8.94] [-5.88] [-5.66] [7.23] [7.13] [-5.40] [4.14] [-2.01] [0.42] [7.70] [-4.65] [8.26] [6.41] [11.08] [3.77] [-5.32] [-9.62] [2.96] [0.40] [-1.31] [2.31] [7.05] [-11.68] [-5.50] [1.52] [-10.26] [19.14] [-5.03] [-5.08] [1.13] [-7.69] [-1.48] [-3.07] [-0.82] [-0.32] [13.26] [-0.12] [-10.82] [-10.23] [6.23] [-1.48] [-7.13] [-6.26] [-4.14] [-4.40] [6.55] [-3.16] [5.26] [-2.26] [-2.56] [4.22] [-0.70] [-8.71] [1.39] [-0.59] [-13.59] [8.92] [-4.57] [-2.50] [-3.84] [-5.27] [8.16] [2.88] [-3.02] [11.85] [-6.36] [-3.57] [4.49] [-12.48] [-7.06] [10.82] [1.08] [-1.41] [7.73] [-12.32] [6.22] [-5.64] [-1.10] [-3.61] [-2.05] [8.20] 
[-0.83] [15.32] [-1.79] [-5.10] [-16.87] [9.16] [-7.92] [-8.41] [-1.67] [11.53] [8.04] [2.30] [11.52] [-15.08] [6.81] [-3.65] [-11.09] [-1.91] [-5.07] [-2.42] [4.56] [-2.02] [6.97] [1.76] [-19.69] [-6.82] [5.18] [2.54] [5.61] [-3.20] [2.60] [0.16] [-0.02] [4.66] [-17.14] [-1.86] [0.68] [-15.24] [2.96] [-0.54] [5.80] [-9.94] [-6.13] [0.67] [-9.49] [19.34] [-13.51] [-1.47] [3.44] [-6.87] [5.53] [0.86] [-7.14] [0.77] [4.87] [0.57] [-13.82] [-5.38] [0.33] [-2.37] [-4.44] [-8.68] [-6.08] [-7.72] [4.69] [0.68] [1.05] [-1.74] [-6.05] [-4.11] [-10.85] [-8.86] [0.12] [3.85] [-11.12] [8.57] [0.71] [-9.35] [-9.34] [-4.59] [10.13] [-5.72] [2.04] [0.50] [-5.94] [7.28] [-4.24] [-1.42] [1.94] [6.47] [1.19] [4.33] [8.37] [-13.37] [6.02] [-8.14] [3.83] [-5.77] [2.62] [3.36] 
[-7.40] [7.37] [4.65] [-7.49] [-7.12] [7.94] [-7.65] [5.94] [-3.20] [6.81] [12.29] [-7.98] [4.65] [-10.55] [5.26] [-0.34] [-19.36] [3.56] [-1.41] [-11.24] [1.20] [-17.27] [5.62] [5.77] [-10.93] [5.69] [1.04] [8.15] [1.00] [-3.44] [8.23] [7.09] [-1.61] [1.62] [-12.73] [-7.71] [1.59] [-10.36] [12.66] [-0.16] [8.25] [-6.66] [2.31] [-2.94] [-11.02] [14.17] [1.20] [-4.49] [4.59] [-11.39] [-1.04] [1.07] [0.70] [-0.02] [14.62] [5.00] [-11.79] [-0.15] [3.89] [-0.20] [-3.43] [-5.71] [-11.89] [-4.56] [9.63] [-2.95] [2.56] [-0.93] [-4.35] [2.97] [-7.24] [-3.67] [4.95] [4.71] [-11.57] [8.46] [1.98] [-3.88] [-6.37] [-4.02] [10.58] [-5.81] [-0.52] [9.24] [-0.56] [3.21] [0.49] [5.56] [0.81] [-1.57] [-7.71] [5.56] [11.68] [-11.53] [6.59] [-10.28] [1.70] [-1.56] [-1.66] [5.73] 
[-7.63] [8.82] [3.97] [-11.56] [-10.02] [9.19] [-8.27] [7.23] [-5.85] [3.31] [9.03] [-10.25] [3.73] [-4.06] [0.09] [1.31] [-10.79] [1.10] [-8.67] [-7.75] [0.99] [-7.22] [4.39] [5.24] [-8.51] [-5.68] [-1.71] [5.79] [0.11] [4.38] [6.75] [4.69] [5.05] [1.61] [-21.01] [-3.99] [-0.46] [-5.81] [2.11] [7.88] [13.10] [-7.36] [-4.35] [-0.69] [-11.00] [18.89] [-9.70] [-1.52] [6.21] [-19.92] [-4.32] [5.04] [-3.87] [7.14] [7.38] [2.24] [-10.93] [-0.79] [-1.07] [-6.32] [2.93] [-12.89] [-14.16] [-9.56] [10.52] [-4.13] [2.61] [-8.89] [-9.43] [8.59] [-6.25] [0.37] [6.00] [6.86] [-13.03] [17.43] [0.53] [-1.66] [-3.50] [0.97] [2.24] [-1.11] [0.25] [9.97] [-7.02] [0.24] [-1.00] [-5.72] [-3.89] [4.88] [8.61] [-0.95] [7.58] [-18.02] [10.78] [-8.46] [3.86] [-6.51] [-3.18] [6.71] 
[-5.99] [9.05] [-6.50] [-5.49] [-9.31] [4.74] [-8.12] [-2.70] [-5.42] [11.84] [14.87] [-4.63] [7.96] [-17.13] [2.61] [4.79] [-11.69] [7.33] [-8.71] [-0.70] [-3.39] [-5.26] [4.35] [7.96] [0.85] [7.77] [3.05] [2.03] [2.02] [-12.41] [9.57] [10.67] [-0.10] [3.45] [-15.66] [-5.11] [9.37] [-1.39] [8.16] [-0.31] [10.32] [-15.65] [-13.76] [4.61] [-6.64] [14.71] [2.01] [-2.40] [3.82] [-10.51] [-5.39] [1.20] [-4.97] [4.83] [7.97] [-4.56] [-5.44] [-11.40] [-0.92] [-2.23] [-9.88] [-9.82] [-9.45] [-7.69] [5.34] [-8.59] [-2.17] [-7.45] [-8.10] [0.91] [-5.49] [-8.93] [-2.46] [-1.23] [-11.30] [11.53] [-0.67] [-0.49] [-8.91] [-7.26] [0.89] [7.97] [0.48] [6.34] [-0.21] [1.62] [-2.97] [-9.26] [-4.06] [4.48] [8.70] [-1.33] [4.28] [-16.05] [12.18] [-6.11] [-1.58] [1.96] [-2.90] [7.05] 
[-2.34] [10.60] [-2.98] [-8.32] [-7.07] [3.78] [-3.36] [1.67] [-6.58] [4.25] [11.27] [-1.36] [2.88] [-6.59] [1.97] [2.54] [-16.35] [-1.37] [-6.06] [-1.40] [0.20] [-7.12] [5.27] [2.12] [-5.92] [-3.03] [-0.10] [4.22] [7.04] [1.95] [5.85] [1.62] [4.31] [-6.82] [-16.38] [-10.37] [4.02] [-5.37] [3.89] [0.95] [-5.91] [-12.24] [-10.10] [2.91] [-11.71] [15.54] [-8.65] [-2.87] [-1.95] [-7.60] [-4.08] [2.45] [-0.73] [0.93] [12.27] [-5.36] [-4.11] [-9.71] [4.37] [4.61] [-1.79] [-10.84] [-7.04] [-13.46] [7.46] [0.88] [-1.03] [0.78] [4.92] [9.77] [-8.29] [-8.48] [-5.31] [-1.63] [-16.37] [10.70] [-2.59] [3.06] [-0.86] [-6.17] [6.75] [-4.71] [-6.76] [6.96] [-5.52] [12.29] [2.42] [0.60] [-1.96] [8.07] [8.67] [8.12] [6.75] [-16.58] [11.45] [-7.97] [-2.03] [-3.62] [-1.98] [0.60] 
[3.90] [11.39] [-1.69] [-14.58] [-13.15] [2.41] [-11.95] [-2.11] [-7.89] [13.24] [12.10] [-0.84] [8.65] [-18.17] [2.73] [-6.07] [-17.25] [0.35] [-1.10] [-4.22] [0.79] [-7.14] [5.03] [11.57] [-3.12] [0.32] [-2.95] [14.04] [-2.24] [-1.42] [9.85] [5.92] [-3.48] [-6.92] [-6.24] [-9.67] [-0.82] [-6.37] [3.41] [4.27] [12.39] [-7.95] [-3.96] [2.35] [-6.45] [9.44] [-10.37] [-9.97] [-3.80] [-12.81] [3.22] [0.23] [-9.45] [2.90] [6.51] [-2.11] [-8.28] [0.77] [9.51] [3.72] [-6.22] [-6.54] [-7.21] [-0.34] [16.23] [-8.75] [-5.17] [-5.40] [-5.90] [2.83] [-2.96] [-4.04] [4.26] [4.62] [-15.17] [9.48] [-0.08] [-0.79] [-1.78] [3.07] [10.99] [-3.44] [5.86] [14.44] [-6.40] [10.38] [0.06] [3.79] [1.76] [3.53] [6.56] [2.50] [11.95] [-17.16] [14.55] [-4.56] [-2.63] [-0.20] [-3.41] [3.59] 
[-6.57] [17.09] [3.18] [-4.53] [-15.14] [3.74] [-2.32] [-2.13] [-7.51] [7.64] [11.35] [-3.02] [8.27] [-12.91] [-0.08] [5.54] [-14.93] [2.68] [-6.18] [0.25] [5.35] [-4.93] [1.04] [-0.07] [-8.29] [8.11] [-0.59] [1.22] [4.17] [-4.60] [14.52] [1.53] [3.85] [4.21] [-11.74] [-3.48] [-3.57] [-3.73] [6.08] [8.11] [16.16] [-11.35] [-4.22] [8.15] [3.37] [12.05] [-10.27] [-1.47] [2.96] [-12.03] [3.29] [0.46] [-11.65] [-3.94] [2.71] [0.78] [-9.33] [-2.17] [10.38] [2.51] [-5.81] [-11.00] [-14.98] [-4.30] [8.28] [0.18] [2.91] [-0.00] [-6.96] [5.62] [-4.03] [4.18] [-3.72] [-1.29] [-18.64] [8.89] [-3.04] [-3.68] [-4.56] [-11.46] [7.63] [2.64] [1.82] [5.77] [-11.29] [0.04] [7.77] [3.73] [-6.38] [5.14] [3.63] [-3.41] [6.92] [-11.38] [8.25] [-11.84] [-1.29] [-6.74] [-5.71] [1.25] 
[-1.29] [10.32] [0.04] [-5.25] [-14.56] [6.73] [-11.24] [-8.32] [-6.40] [11.53] [13.13] [-2.21] [2.43] [-12.16] [2.28] [0.03] [-13.27] [2.63] [-10.69] [-7.42] [5.74] [-11.53] [10.29] [2.71] [-8.82] [5.99] [-6.06] [0.75] [5.69] [1.54] [4.57] [8.09] [-4.43] [-1.47] [-11.59] [-6.06] [5.62] [-4.16] [12.99] [9.78] [6.91] [-10.09] [-2.13] [6.80] [-10.52] [11.55] [1.16] [-2.69] [2.92] [-11.80] [-4.76] [1.77] [-3.50] [2.42] [12.16] [-6.51] [-0.33] [-4.49] [-3.82] [-1.81] [-4.45] [-9.28] [-6.78] [-15.08] [9.06] [-3.27] [2.95] [-6.60] [-8.22] [-0.92] [-10.64] [-1.88] [-4.06] [0.84] [-6.22] [4.51] [-1.08] [-1.33] [-4.17] [-8.90] [9.88] [-0.09] [1.17] [0.69] [-8.22] [-0.25] [4.63] [3.20] [-12.59] [15.56] [1.14] [-2.91] [1.94] [-16.16] [10.77] [-7.53] [-7.75] [-1.67] [-3.61] [8.64] 
[-4.50] [5.75] [-0.72] [-3.27] [-8.72] [13.34] [-8.50] [-1.95] [1.81] [8.55] [12.64] [0.03] [5.10] [-11.16] [2.63] [2.96] [-18.34] [4.99] [-3.90] [-7.90] [-10.79] [-8.92] [5.60] [1.92] [-6.68] [0.91] [6.46] [8.68] [3.86] [1.50] [7.62] [1.28] [10.62] [-5.22] [-17.27] [1.10] [4.24] [-6.69] [13.13] [5.74] [11.24] [-8.59] [-10.34] [-1.62] [-9.38] [22.14] [-6.02] [-5.02] [-3.11] [-10.25] [3.49] [-4.52] [2.66] [-2.08] [7.70] [-7.63] [-6.61] [-4.44] [-1.78] [-7.70] [-5.61] [-1.95] [-16.15] [-4.82] [10.89] [-2.38] [1.17] [-9.12] [-1.57] [2.70] [-15.97] [-8.62] [4.50] [1.13] [-7.03] [19.01] [9.47] [0.43] [-11.00] [-14.70] [6.53] [4.05] [5.76] [4.80] [-1.87] [1.71] [1.80] [5.56] [-0.63] [-3.40] [-3.21] [-3.45] [6.15] [-13.96] [0.54] [-9.38] [6.28] [-0.99] [5.66] [7.90] 
[-12.65] [8.82] [2.07] [-5.86] [-13.38] [8.59] [-10.86] [3.78] [-8.58] [6.63] [10.61] [-1.49] [7.18] [-10.76] [-3.84] [-2.78] [-15.52] [6.29] [-7.84] [-11.81] [-1.20] [-13.08] [2.76] [6.74] [-10.32] [7.48] [-1.71] [7.37] [3.20] [6.48] [8.78] [4.13] [0.69] [-1.22] [-3.85] [-4.84] [8.48] [-1.25] [8.11] [7.29] [4.43] [-9.43] [-8.65] [7.89] [1.83] [11.88] [-5.87] [2.04] [2.02] [-17.63] [3.62] [-2.56] [-11.49] [-3.88] [0.17] [0.85] [-16.26] [-7.96] [-2.15] [6.32] [-5.33] [-9.75] [-3.63] [-2.96] [3.45] [-4.52] [1.26] [-7.41] [-2.83] [7.90] [-2.23] [-15.03] [2.19] [1.59] [-10.21] [12.20] [1.11] [1.03] [-5.08] [-17.34] [-0.28] [3.26] [3.20] [6.69] [-4.66] [-1.72] [-2.80] [1.12] [-1.33] [8.29] [4.02] [1.23] [2.37] [-13.87] [5.94] [-6.24] [-5.69] [1.31] [-13.71] [6.14] 
[-4.11] [9.93] [-10.65] [-1.80] [-14.06] [12.32] [-5.98] [-3.31] [-4.19] [6.37] [11.65] [-3.79] [9.54] [-9.19] [-1.43] [3.05] [-19.21] [4.64] [0.58] [-2.21] [-0.49] [-4.43] [2.10] [4.99] [-10.07] [2.32] [-1.47] [0.95] [-2.31] [-5.89] [11.93] [8.40] [-5.53] [-0.86] [-13.26] [-1.05] [2.14] [-6.39] [3.61] [-7.65] [12.60] [-12.49] [-9.25] [-3.67] [-9.20] [19.76] [-7.32] [-0.27] [-2.32] [-8.24] [-6.87] [0.32] [-8.72] [0.65] [6.72] [-3.96] [-7.89] [-7.80] [3.78] [-7.33] [-7.13] [-8.42] [-6.91] [-8.29] [9.42] [-7.82] [-1.96] [-3.65] [-5.56] [-2.80] [-1.82] [-5.79] [-3.72] [5.49] [-10.73] [8.45] [-3.41] [-3.12] [-2.35] [0.33] [4.75] [-5.90] [-1.02] [9.27] [-3.46] [8.47] [6.30] [-2.55] [-4.87] [9.67] [6.23] [-6.46] [4.82] [-15.70] [8.85] [-8.83] [-5.60] [0.68] [-9.85] [3.39] 
[-9.14] [8.32] [0.64] [-11.60] [-11.10] [5.08] [-15.35] [-0.34] [-8.18] [1.63] [17.77] [-2.30] [5.94] [-14.29] [3.65] [3.85] [-9.55] [3.66] [-3.75] [-11.70] [1.93] [-9.55] [1.80] [7.64] [-1.14] [-2.07] [0.47] [9.39] [4.69] [-9.73] [9.71] [13.04] [5.07] [8.21] [-9.56] [-7.87] [-3.95] [-0.20] [1.27] [11.19] [6.85] [-14.15] [-10.70] [4.31] [-8.42] [10.64] [-7.18] [-3.92] [-3.68] [-8.86] [-4.97] [-7.59] [-4.77] [6.40] [13.20] [-0.50] [-10.01] [-4.30] [-2.99] [-2.07] [-12.43] [-4.44] [-11.63] [-10.05] [14.59] [-11.30] [0.75] [-1.16] [-1.48] [2.32] [-9.08] [-7.84] [-0.95] [-0.78] [-15.79] [7.03] [0.60] [-5.67] [-0.21] [-7.68] [0.56] [-2.58] [5.39] [6.62] [-10.00] [5.87] [-2.20] [5.91] [-2.40] [4.23] [1.13] [-0.80] [7.37] [-11.54] [2.12] [-2.17] [3.84] [0.30] [5.13] [-0.97] 
[-5.37] [7.55] [-5.41] [-17.44] [-5.44] [8.61] [-4.23] [-4.69] [-6.33] [9.15] [12.27] [-1.82] [10.69] [-11.32] [3.92] [-3.88] [-14.19] [-4.06] [-8.57] [-8.94] [8.90] [-13.54] [9.44] [5.21] [-1.47] [-2.97] [0.24] [-7.35] [3.29] [-6.22] [7.68] [4.49] [3.98] [1.35] [-9.41] [-3.64] [2.02] [-8.49] [3.94] [5.41] [3.37] [-13.61] [-10.41] [6.71] [-12.94] [12.37] [2.59] [-5.16] [0.87] [-7.84] [3.10] [-0.93] [-1.63] [5.06] [6.83] [1.33] [-5.52] [-9.47] [5.35] [1.12] [-3.48] [-5.41] [-0.92] [-10.04] [7.53] [-8.75] [0.77] [-6.63] [0.18] [2.58] [-4.89] [-3.89] [-3.69] [7.23] [-17.24] [6.15] [-1.70] [-0.56] [-2.25] [-4.96] [7.06] [-3.17] [5.02] [11.12] [-4.13] [12.40] [1.51] [-4.51] [-3.30] [4.18] [4.20] [-2.72] [8.45] [-19.81] [14.77] [-11.60] [1.42] [-3.31] [0.89] [9.02] 
[-3.46] [15.73] [-1.22] [-12.45] [-10.14] [2.86] [-7.45] [-0.41] [-3.19] [7.36] [10.41] [7.30] [-1.53] [-15.02] [9.85] [-4.01] [-15.05] [8.91] [1.05] [-17.32] [5.90] [-1.27] [4.52] [5.44] [-8.87] [-3.81] [-0.40] [-2.38] [7.31] [-2.29] [12.94] [4.18] [5.09] [-0.03] [-10.39] [-4.01] [0.94] [-14.02] [8.10] [4.22] [13.26] [-11.67] [-4.44] [3.60] [-6.02] [14.30] [-1.73] [-1.14] [3.85] [-12.49] [2.43] [-8.88] [-3.79] [2.80] [2.04] [4.24] [-14.32] [-2.43] [1.42] [-1.66] [-8.42] [-6.04] [-10.31] [-13.85] [11.42] [-4.27] [-6.14] [-15.66] [-6.81] [5.33] [-8.25] [-3.99] [-7.39] [4.40] [-16.66] [17.92] [5.95] [-5.98] [-4.65] [-2.76] [13.60] [-0.40] [11.42] [3.92] [-7.36] [-1.02] [-0.45] [0.12] [-4.86] [4.74] [7.61] [3.06] [6.77] [-14.57] [10.80] [-11.37] [1.68] [2.46] [-2.96] [0.74] 
[-9.82] [9.06] [-1.17] [-5.94] [-11.08] [3.18] [-6.50] [-4.89] [-8.08] [11.57] [14.44] [-5.11] [4.37] [-13.06] [2.55] [0.08] [-16.08] [0.54] [-9.00] [-5.43] [-1.05] [-5.72] [11.27] [-5.60] [-6.35] [-0.29] [1.21] [0.83] [2.98] [-1.89] [14.95] [3.79] [0.15] [2.07] [-14.31] [-5.85] [0.71] [-3.79] [3.42] [0.33] [6.78] [-9.65] [-10.01] [6.65] [-4.98] [16.92] [-7.49] [-4.46] [-0.01] [-4.63] [-3.99] [-6.15] [-4.54] [-1.64] [3.95] [-1.97] [-11.74] [-5.95] [2.52] [-1.77] [-3.11] [-10.89] [-11.71] [-8.52] [5.48] [-5.48] [0.25] [-0.73] [-2.04] [3.36] [-2.66] [-10.02] [-1.26] [0.77] [-8.34] [15.73] [0.53] [-5.93] [-9.52] [-9.71] [7.12] [-0.35] [6.91] [16.71] [-11.33] [3.68] [-0.09] [1.42] [-8.31] [0.49] [-0.18] [-5.92] [6.79] [-19.23] [10.03] [-7.34] [-1.10] [-1.97] [1.09] [8.70] 
[-4.51] [10.31] [8.72] [-7.89] [-7.95] [6.47] [-2.46] [-3.96] [-7.55] [1.55] [19.32] [-2.67] [6.48] [-13.68] [-3.22] [-1.01] [-11.53] [1.79] [-12.11] [-3.67] [-2.90] [-4.04] [3.02] [6.45] [5.07] [0.79] [7.39] [0.76] [-1.29] [-1.86] [10.33] [11.98] [-4.85] [2.44] [-11.89] [-1.05] [-2.86] [-5.26] [4.02] [14.01] [9.14] [-13.89] [-5.60] [5.58] [-8.73] [11.21] [-9.51] [-1.97] [1.35] [-17.33] [-1.00] [6.21] [-1.24] [2.76] [8.95] [7.68] [-6.31] [-1.00] [8.54] [0.94] [0.98] [-10.18] [-10.97] [-5.94] [5.19] [2.88] [4.51] [-5.11] [-4.30] [3.66] [-2.35] [-9.57] [7.76] [6.55] [-9.59] [11.90] [-1.36] [-4.38] [-6.10] [-5.92] [2.27] [-1.93] [-0.19] [13.37] [-1.99] [0.18] [-2.67] [-8.62] [-4.08] [6.42] [3.32] [1.65] [5.95] [-14.22] [13.47] [-7.75] [-3.22] [-10.25] [-7.38] [3.07] 
[-0.65] [5.74] [3.92] [-11.91] [-13.40] [10.29] [-14.31] [-6.73] [-0.82] [8.30] [10.84] [-6.25] [4.76] [-17.26] [7.32] [-4.49] [-16.66] [9.15] [-6.50] [-9.43] [1.77] [-3.40] [5.13] [7.02] [-3.37] [2.12] [-1.05] [3.68] [6.62] [-9.40] [8.46] [2.00] [3.54] [3.31] [-6.42] [-9.44] [8.29] [-5.51] [11.69] [7.69] [7.84] [-11.46] [-6.40] [0.48] [-4.79] [14.39] [-5.09] [-15.33] [1.57] [-12.27] [-2.80] [3.95] [-4.85] [5.71] [7.66] [-1.44] [-6.35] [-4.83] [2.69] [-3.90] [-14.16] [-10.53] [-11.16] [-5.81] [9.94] [-3.83] [3.32] [-3.00] [-1.48] [14.29] [-0.56] [-3.49] [1.69] [0.69] [-4.86] [10.85] [1.18] [-0.77] [1.88] [-14.48] [11.29] [-6.63] [4.71] [4.07] [-5.00] [6.00] [1.41] [-6.28] [-6.11] [-1.70] [6.26] [-1.19] [8.93] [-24.74] [8.73] [-6.23] [-3.48] [2.82] [0.63] [5.06] 
[4.65] [15.31] [4.32] [-6.52] [-20.01] [7.03] [-12.00] [-0.44] [-5.95] [8.20] [5.62] [-2.70] [8.96] [-11.08] [4.79] [0.64] [-10.30] [-0.63] [-7.66] [-11.39] [-5.55] [-9.40] [5.68] [-2.79] [-12.03] [-0.22] [9.19] [4.86] [2.08] [7.37] [16.99] [5.39] [0.93] [5.34] [-6.14] [-4.10] [-4.64] [-8.87] [9.71] [10.54] [11.49] [-10.01] [-7.11] [-0.13] [-8.74] [12.38] [-5.03] [0.11] [2.81] [-10.32] [0.21] [2.10] [-5.19] [5.49] [3.19] [-2.75] [-9.87] [-0.62] [9.54] [-2.01] [-8.91] [-4.77] [-12.49] [-10.11] [9.10] [-2.18] [0.13] [-3.47] [-2.44] [5.39] [0.42] [-5.24] [0.56] [10.07] [-11.23] [16.53] [-1.19] [0.49] [-6.93] [-8.77] [11.16] [-1.72] [1.73] [7.45] [-1.91] [3.08] [3.31] [-2.22] [-3.59] [1.45] [7.01] [-0.85] [13.84] [-14.06] [14.23] [-9.19] [-1.52] [-2.51] [-7.62] [-3.64] 
[-1.82] [20.05] [-3.94] [-12.89] [-15.69] [6.26] [2.48] [-1.29] [-5.44] [3.99] [12.82] [0.15] [8.72] [-12.23] [2.11] [-2.93] [-19.37] [0.80] [-1.86] [-7.82] [0.05] [-8.22] [5.78] [-1.31] [-11.36] [1.31] [8.41] [3.07] [-0.96] [-2.85] [8.74] [3.53] [11.45] [1.32] [-10.31] [-4.00] [2.04] [0.05] [3.30] [5.74] [10.18] [-7.54] [-10.41] [7.57] [-7.42] [11.78] [-2.83] [-2.85] [1.78] [-8.36] [-6.81] [0.33] [-6.92] [1.19] [9.27] [-5.49] [-7.59] [-7.94] [-2.44] [0.61] [-9.19] [-2.92] [-16.38] [-2.04] [2.00] [-0.80] [-0.09] [-3.29] [-6.29] [-0.67] [-4.19] [-8.04] [3.44] [2.48] [-16.72] [11.54] [0.46] [-1.24] [-10.16] [-13.16] [5.62] [0.63] [2.40] [6.24] [-7.12] [3.86] [-2.58] [-11.06] [-3.95] [-3.58] [7.65] [6.52] [10.49] [-10.29] [5.42] [-10.61] [1.09] [-7.44] [-2.32] [0.03] 
[-4.60] [4.16] [-3.34] [-7.37] [-2.24] [3.08] [-12.44] [0.61] [-12.63] [-0.14] [9.86] [5.31] [4.33] [-14.14] [8.87] [2.08] [-10.90] [-1.91] [-10.74] [-8.60] [-5.28] [-7.96] [10.29] [5.64] [-0.22] [-0.96] [7.99] [6.12] [0.90] [2.58] [1.53] [6.54] [7.09] [-2.02] [-15.56] [-6.17] [6.74] [-5.29] [1.48] [8.28] [6.40] [-11.32] [-3.18] [-6.23] [-7.86] [16.54] [-6.64] [0.47] [-1.69] [-7.19] [-1.55] [6.80] [-2.56] [1.10] [9.50] [-0.92] [-13.02] [-2.66] [6.41] [1.65] [-10.87] [-8.09] [-12.74] [-15.72] [3.58] [0.13] [-0.23] [-3.93] [-5.11] [3.83] [-7.16] [-0.53] [-2.81] [7.00] [-20.36] [16.79] [-0.06] [-5.88] [-5.46] [-7.55] [4.75] [7.19] [-2.09] [5.80] [-6.75] [-0.36] [3.45] [-8.55] [-2.06] [8.03] [1.34] [-2.49] [1.39] [-13.29] [4.41] [-7.83] [-0.66] [-6.12] [-3.39] [6.87] 
[-7.24] [10.55] [-9.41] [-7.21] [-11.88] [13.35] [-6.88] [-1.64] [-9.53] [7.26] [13.20] [-7.08] [11.23] [-7.99] [2.23] [6.14] [-18.62] [-3.13] [-7.77] [-3.06] [0.72] [-5.64] [1.33] [13.53] [-5.25] [-2.09] [0.53] [10.92] [2.94] [-7.57] [11.03] [12.40] [2.87] [5.10] [-15.32] [-10.13] [-0.22] [-8.21] [10.38] [9.97] [4.99] [-12.04] [-5.57] [4.99] [-2.19] [13.57] [-2.00] [-4.72] [-5.33] [-18.51] [2.32] [-2.09] [-3.12] [2.09] [1.81] [-0.14] [-8.27] [-4.25] [8.88] [3.35] [-8.36] [-12.54] [-10.76] [-8.27] [2.91] [-1.89] [-2.81] [-3.43] [-6.16] [4.21] [-4.74] [-0.90] [5.26] [4.68] [-10.20] [6.64] [-3.98] [-6.38] [-7.37] [-7.85] [2.11] [-9.54] [9.21] [6.10] [-10.99] [9.53] [-5.58] [-7.63] [-9.03] [8.52] [-8.24] [-4.07] [1.38] [-17.91] [1.00] [-2.58] [-1.68] [-4.33] [-0.45] [10.81] 
[-4.51] [9.27] [-3.61] [-10.70] [-11.87] [6.46] [-8.05] [4.98] [-5.50] [7.11] [15.20] [3.52] [2.56] [-9.43] [4.03] [-0.24] [-26.19] [-4.92] [1.50] [-9.48] [-0.27] [-7.57] [4.81] [-0.98] [-15.28] [3.96] [7.32] [2.71] [1.05] [-1.84] [12.10] [-4.93] [2.14] [-2.07] [-12.06] [-3.38] [7.49] [-11.13] [0.40] [4.80] [10.29] [-9.00] [-7.30] [6.81] [-12.60] [8.65] [1.90] [8.29] [5.82] [-13.51] [-7.28] [-1.63] [-4.94] [-2.32] [9.12] [1.58] [-9.85] [-8.57] [3.78] [0.64] [-8.83] [-3.73] [-11.53] [-8.81] [13.70] [-1.59] [-7.30] [-6.63] [4.40] [1.29] [0.81] [0.48] [-0.43] [1.60] [-7.63] [5.88] [-1.52] [-1.72] [-6.78] [-7.17] [7.89] [-6.81] [-1.86] [6.69] [-8.15] [4.79] [4.07] [-1.83] [-6.26] [-6.44] [2.29] [-5.28] [6.66] [-21.57] [7.32] [-10.04] [-8.16] [4.33] [-3.66] [7.42] 
[-0.64] [16.24] [-1.86] [-11.40] [-12.38] [-0.31] [-5.31] [4.78] [-6.38] [1.86] [18.48] [-3.89] [10.56] [-7.78] [6.03] [-2.52] [-13.10] [1.79] [-11.22] [-10.69] [-5.38] [-0.92] [13.31] [4.14] [-8.90] [1.78] [2.11] [7.81] [-0.22] [-6.41] [3.02] [9.05] [-3.32] [-1.90] [-8.71] [-5.19] [-4.37] [-8.13] [2.67] [11.13] [9.21] [-7.74] [-8.85] [4.47] [-5.51] [10.27] [-7.91] [-3.32] [-1.77] [-8.45] [-0.78] [-4.11] [-2.89] [2.21] [-0.55] [-3.34] [-13.21] [-7.72] [1.96] [-13.81] [-4.57] [-4.25] [-9.85] [-5.17] [8.10] [-5.10] [7.10] [-8.27] [-4.73] [10.87] [-2.79] [-5.52] [5.11] [2.31] [-12.32] [10.45] [-4.82] [-2.75] [-5.43] [-3.81] [6.47] [-1.36] [-2.54] [7.04] [-6.00] [4.32] [2.61] [-6.95] [-4.40] [0.28] [3.07] [4.97] [-0.49] [-19.43] [6.82] [-3.06] [-2.04] [-4.55] [1.71] [10.02] 
[2.90] [6.43] [-4.68] [-8.23] [-11.05] [9.00] [-5.94] [4.83] [-9.11] [4.58] [12.24] [-2.50] [10.01] [-5.34] [9.87] [-1.65] [-8.65] [-2.83] [-11.15] [-12.42] [-6.41] [-5.82] [4.27] [3.97] [-5.34] [0.85] [-5.78] [3.30] [-0.64] [-4.73] [8.55] [5.85] [7.16] [-6.67] [-9.77] [-3.23] [1.61] [-2.46] [4.14] [-2.96] [11.69] [-5.57] [-9.70] [10.20] [-6.95] [16.30] [-4.69] [0.05] [-2.19] [-4.26] [-3.73] [6.72] [-0.56] [-3.26] [8.39] [4.61] [-3.74] [-8.13] [-4.13] [-2.49] [-15.05] [-17.50] [-6.11] [-6.89] [7.10] [-2.76] [0.89] [-5.43] [-12.18] [2.24] [-1.54] [-9.31] [-6.82] [4.17] [-8.53] [9.55] [-1.47] [6.69] [-9.77] [-8.37] [0.41] [-1.48] [-1.42] [13.53] [-4.66] [14.51] [-0.62] [-9.33] [-0.38] [-3.74] [2.53] [-2.94] [2.57] [-14.41] [9.11] [-8.95] [-9.41] [-4.48] [-6.74] [6.04] 
[-4.46] [9.98] [2.24] [-11.38] [-14.21] [8.57] [-15.53] [-8.14] [-6.74] [-0.56] [9.18] [-6.58] [4.95] [-15.08] [2.70] [-3.35] [-15.44] [0.80] [-5.33] [-14.26] [0.55] [-12.76] [3.47] [1.93] [-4.01] [6.68] [6.30] [5.67] [-1.33] [-2.33] [5.96] [9.57] [2.92] [-4.48] [-6.34] [-2.29] [-3.75] [-2.97] [2.93] [3.28] [17.71] [-13.12] [-9.14] [-0.56] [-10.98] [21.16] [-4.66] [-3.57] [-9.29] [-9.10] [-2.09] [2.29] [2.05] [7.52] [2.33] [0.49] [-2.20] [-7.52] [-2.86] [2.64] [-10.85] [-15.16] [-4.49] [-7.70] [9.75] [-11.04] [4.32] [-2.79] [-4.68] [0.48] [-5.28] [-4.68] [1.95] [7.62] [-13.56] [7.91] [-1.73] [0.14] [-5.91] [-3.18] [4.16] [-2.55] [-1.45] [6.82] [-18.26] [10.01] [3.50] [-0.35] [-14.51] [2.42] [4.55] [-3.03] [6.24] [-20.84] [11.31] [-2.17] [-6.89] [-4.06] [0.41] [13.19] 
[-11.23] [12.81] [-0.76] [-4.42] [-10.54] [10.03] [-6.64] [-3.43] [-9.70] [6.38] [11.60] [1.20] [6.16] [-17.40] [2.33] [-4.90] [-19.66] [-0.50] [-2.73] [-10.21] [4.46] [-7.10] [4.58] [5.73] [-10.08] [5.50] [7.31] [4.63] [5.21] [-4.76] [10.42] [11.98] [5.98] [0.36] [-16.35] [-0.58] [-2.75] [-10.23] [6.79] [7.70] [3.39] [-12.06] [-14.71] [-1.93] [-9.64] [8.39] [-7.46] [-2.38] [0.95] [-13.85] [-0.11] [-0.61] [-3.71] [6.60] [1.80] [-1.75] [-10.24] [-1.75] [-0.01] [-1.35] [-5.40] [-11.85] [-7.62] [-6.77] [10.84] [-3.24] [2.63] [-6.87] [3.56] [3.95] [-13.22] [-5.93] [0.86] [0.26] [-14.13] [8.73] [2.19] [-8.03] [-5.66] [-8.02] [4.50] [1.12] [-0.25] [11.44] [-8.69] [5.86] [0.92] [2.74] [2.53] [5.22] [4.20] [0.15] [1.94] [-11.41] [8.33] [-12.78] [3.07] [2.96] [-5.82] [6.98] 
[-12.29] [14.66] [-0.34] [-14.15] [-3.31] [11.18] [-1.84] [-3.72] [-0.24] [8.17] [8.58] [-1.90] [13.39] [-3.60] [4.07] [-0.51] [-20.94] [0.49] [-8.92] [-3.92] [-7.19] [-3.50] [-0.54] [8.16] [-6.63] [8.79] [3.13] [1.04] [2.69] [-9.14] [9.13] [1.60] [-1.68] [-2.10] [-4.10] [-9.43] [0.67] [-6.51] [5.82] [0.63] [5.72] [-9.81] [-12.55] [4.34] [-5.55] [12.00] [1.40] [-3.94] [-1.37] [-8.65] [6.76] [-2.85] [-2.55] [0.38] [3.35] [0.68] [-10.71] [-11.48] [3.55] [-0.71] [-7.98] [-12.22] [0.52] [-4.62] [6.86] [2.36] [3.28] [-11.12] [-0.12] [2.66] [-6.71] [-4.71] [1.53] [-0.54] [-13.22] [6.40] [2.66] [-5.36] [-7.61] [-8.62] [8.02] [-0.48] [7.33] [4.63] [-9.04] [5.76] [-0.96] [-8.61] [-7.98] [5.31] [2.28] [1.86] [6.26] [-9.37] [11.99] [-6.36] [-1.03] [2.48] [-7.39] [2.82] 
[-6.58] [14.65] [0.24] [-14.67] [-6.23] [4.70] [-10.47] [3.06] [-2.69] [0.33] [7.29] [3.04] [17.70] [-7.71] [1.71] [3.50] [-16.96] [-3.16] [-4.32] [-3.62] [7.62] [-3.79] [-0.28] [12.26] [-7.26] [7.32] [-3.31] [1.11] [3.87] [-3.77] [1.69] [5.28] [9.90] [3.12] [-6.73] [-7.60] [2.54] [-2.93] [5.31] [8.62] [15.97] [-11.26] [-10.64] [5.17] [-12.19] [6.21] [-6.53] [2.32] [6.26] [-15.66] [-3.99] [-0.19] [-10.28] [-2.42] [4.41] [-5.54] [-6.41] [-3.21] [5.06] [4.34] [-4.03] [-9.40] [-8.26] [-8.17] [9.71] [1.07] [0.47] [-5.71] [-2.36] [1.74] [-10.45] [-8.03] [-3.07] [12.54] [-3.42] [16.50] [-2.04] [-7.13] [-8.30] [-9.64] [13.70] [-1.13] [5.75] [7.91] [-9.30] [-3.46] [-2.13] [-1.97] [-7.28] [10.61] [4.01] [3.90] [5.74] [-9.89] [13.19] [-7.21] [-2.69] [-1.93] [-4.53] [0.22] 
[-16.52] [21.65] [4.50] [-3.91] [-6.38] [8.29] [-9.55] [6.23] [-7.73] [3.60] [11.80] [3.69] [3.50] [-12.22] [2.39] [3.19] [-22.97] [-4.34] [-6.97] [-8.73] [7.59] [-8.90] [5.25] [9.33] [-6.11] [2.19] [0.91] [3.24] [-7.20] [-7.57] [12.53] [4.04] [-0.99] [-3.37] [-8.84] [-3.45] [-0.39] [-9.02] [9.38] [4.46] [12.15] [-14.04] [-9.93] [5.24] [-5.10] [11.71] [-8.85] [0.09] [-4.67] [-11.33] [0.70] [2.73] [7.36] [-5.22] [9.04] [3.34] [-10.84] [-0.80] [12.55] [2.04] [-9.33] [-11.17] [-13.83] [-4.49] [10.53] [-4.68] [-2.50] [-4.77] [-5.48] [5.27] [-1.13] [-8.61] [3.87] [-4.24] [-13.58] [12.43] [3.09] [-1.38] [1.82] [5.66] [10.38] [-2.46] [0.19] [2.10] [-10.08] [4.64] [-2.65] [-9.98] [-11.69] [6.99] [4.31] [-4.19] [10.34] [-13.53] [8.10] [-6.11] [11.22] [-4.07] [-5.01] [9.04] 
[-1.23] [15.74] [1.42] [-9.07] [-10.29] [5.77] [-10.98] [2.08] [-4.96] [5.29] [8.34] [-5.04] [12.06] [-20.77] [7.86] [-3.08] [-18.18] [4.90] [-2.98] [-13.74] [-3.38] [-13.87] [9.30] [6.06] [-5.72] [-3.70] [-2.70] [-0.38] [3.88] [-3.11] [11.11] [1.76] [3.64] [-3.35] [-5.76] [-3.21] [3.44] [-1.28] [9.74] [-0.80] [13.05] [-9.76] [-11.63] [9.18] [-7.73] [11.17] [2.23] [-1.26] [6.69] [-15.04] [4.03] [11.00] [-7.13] [5.86] [0.27] [-11.83] [-6.67] [-9.22] [1.37] [-1.05] [-8.13] [-11.27] [-4.05] [-6.77] [7.10] [-9.34] [-1.16] [-0.88] [-0.61] [6.14] [-11.74] [-5.73] [-8.04] [-3.08] [-6.17] [10.92] [5.85] [-8.08] [-4.70] [-13.26] [10.70] [3.30] [3.65] [11.89] [-4.60] [5.94] [-0.35] [-2.72] [-6.95] [10.97] [-1.84] [-5.00] [15.26] [-14.05] [13.93] [1.13] [-8.59] [-2.72] [0.40] [5.21] 
[-5.95] [6.93] [0.59] [-10.52] [-13.11] [6.85] [-6.83] [-0.52] [-8.62] [11.68] [9.82] [-0.45] [4.87] [-10.74] [4.07] [-3.56] [-13.31] [-2.58] [-10.33] [-9.18] [-3.29] [-6.58] [-4.26] [8.20] [-3.41] [3.12] [-3.40] [6.42] [1.01] [-10.72] [9.23] [5.11] [4.92] [-2.01] [-16.28] [-12.29] [5.48] [-3.47] [2.47] [0.51] [7.08] [-8.72] [-12.62] [8.55] [-0.92] [17.24] [-2.13] [-0.41] [-6.66] [-12.05] [-7.16] [6.53] [-1.50] [-1.38] [0.05] [4.07] [-9.98] [-6.76] [3.42] [5.81] [-4.54] [2.81] [-11.76] [-12.05] [10.66] [-1.71] [2.55] [-3.60] [-3.76] [2.32] [-3.90] [-5.05] [2.55] [1.06] [-8.01] [14.88] [4.17] [-3.42] [-6.68] [-13.72] [8.82] [2.81] [8.44] [5.22] [-9.82] [5.49] [3.23] [0.76] [7.55] [4.02] [-2.26] [3.68] [1.32] [-20.42] [15.75] [-5.85] [1.83] [-5.96] [-2.15] [13.50] 
[-4.72] [14.28] [-7.50] [-6.98] [-12.91] [3.72] [-4.82] [1.99] [-3.24] [3.32] [8.04] [1.39] [4.77] [-15.24] [-3.57] [-0.24] [-14.10] [-1.66] [-3.05] [-5.57] [-6.48] [-12.04] [7.38] [4.31] [-5.11] [2.83] [6.99] [1.62] [2.75] [0.64] [4.09] [7.37] [0.02] [-0.24] [-5.13] [-0.36] [8.59] [-4.63] [0.86] [10.36] [4.59] [-16.24] [-9.41] [6.83] [-9.47] [9.40] [-1.57] [-6.21] [3.57] [-11.29] [-3.98] [5.32] [-5.26] [5.08] [7.32] [-4.25] [-14.58] [-11.87] [-3.23] [13.30] [-6.58] [-7.02] [-10.68] [-5.28] [5.55] [-8.28] [3.68] [-2.55] [0.39] [4.16] [-6.30] [-13.36] [-5.03] [5.12] [-11.98] [18.09] [0.93] [0.68] [-5.56] [1.88] [1.34] [2.06] [3.62] [13.96] [-7.10] [14.50] [2.80] [-8.36] [-3.57] [6.47] [4.71] [-0.28] [7.26] [-15.66] [3.51] [-9.50] [-3.38] [-7.71] [-1.87] [7.53] 
[-6.92] [8.88] [3.09] [-9.39] [-6.54] [2.90] [-6.91] [-5.50] [-1.17] [9.43] [10.09] [-6.78] [5.16] [-12.67] [-5.82] [4.76] [-15.97] [6.61] [-0.41] [-11.33] [-5.38] [-7.02] [1.14] [9.49] [-9.61] [3.29] [2.93] [7.96] [3.83] [-7.23] [6.99] [4.07] [4.39] [4.33] [-6.18] [-1.05] [3.09] [-5.92] [9.25] [2.25] [5.88] [-13.01] [-13.87] [8.94] [-6.66] [15.47] [0.39] [-5.64] [0.68] [-12.11] [-0.53] [1.85] [-7.26] [-2.81] [2.92] [-5.26] [-11.68] [-4.71] [-3.06] [9.04] [-11.78] [-6.51] [-10.56] [-9.06] [8.16] [1.55] [2.54] [-3.87] [-5.57] [6.68] [-2.12] [-12.45] [-4.66] [5.44] [-3.55] [11.28] [-0.27] [-2.85] [-6.48] [-2.68] [9.21] [2.86] [0.66] [8.26] [-9.88] [0.61] [0.77] [-10.33] [-5.77] [6.50] [6.33] [0.59] [4.56] [-17.33] [10.45] [-6.62] [-0.12] [1.49] [-2.06] [9.44] 
[-2.65] [8.37] [-0.24] [-13.67] [-3.51] [9.88] [-7.65] [6.40] [2.11] [-0.50] [12.84] [-2.44] [5.93] [-11.30] [10.80] [-0.19] [-23.72] [9.83] [2.35] [-14.23] [3.98] [-9.00] [7.21] [7.20] [-3.27] [6.60] [-2.52] [7.21] [-0.49] [0.59] [3.95] [7.73] [10.69] [-2.48] [-13.12] [-2.99] [5.97] [4.14] [8.58] [-0.44] [5.64] [-1.86] [-12.50] [8.45] [-11.57] [18.86] [-1.14] [6.23] [-0.96] [-9.21] [-1.88] [1.06] [-5.25] [8.67] [2.03] [-3.75] [-11.04] [-9.54] [-1.15] [-10.13] [-8.61] [-16.53] [-4.58] [-0.86] [7.44] [0.57] [1.39] [-2.31] [-6.48] [7.52] [-11.61] [1.46] [-4.40] [4.41] [-10.01] [7.51] [0.31] [-2.05] [-5.66] [-2.77] [7.21] [-0.44] [-4.11] [4.68] [-11.16] [0.81] [-1.37] [-3.14] [-10.32] [5.84] [8.32] [6.86] [9.26] [-17.05] [10.97] [3.11] [2.98] [0.96] [0.45] [-4.15] 
[-6.10] [6.35] [6.38] [-4.12] [-14.46] [-0.35] [-6.47] [0.49] [-7.05] [11.61] [9.97] [10.00] [2.25] [-13.60] [2.10] [4.02] [-10.51] [1.68] [-0.36] [-6.02] [6.64] [-3.22] [9.18] [0.01] [-5.39] [-0.45] [1.88] [7.12] [3.46] [-5.44] [10.71] [10.05] [12.63] [2.92] [-7.96] [-7.02] [-1.49] [-9.23] [7.65] [4.65] [0.93] [-8.23] [-7.13] [3.04] [-7.66] [10.87] [-6.41] [-2.29] [2.27] [-18.22] [-6.94] [-2.70] [-2.56] [3.04] [9.88] [1.41] [-13.63] [-8.56] [4.64] [0.37] [-3.99] [-5.65] [-5.84] [-11.12] [10.63] [1.44] [0.96] [-7.91] [-1.94] [-1.89] [-8.61] [-8.96] [-4.88] [0.55] [-10.92] [11.11] [-8.05] [-8.34] [-1.66] [-8.92] [9.07] [-4.08] [11.95] [5.61] [-6.10] [-0.34] [-0.76] [0.11] [-2.75] [6.05] [-0.62] [-8.51] [8.36] [-13.96] [6.59] [-6.17] [2.89] [0.13] [-12.29] [3.89] 
[-4.87] [12.83] [-5.83] [-10.58] [-4.50] [3.97] [-2.79] [-3.96] [0.77] [3.74] [9.18] [1.12] [7.64] [-6.24] [-4.93] [-5.08] [-16.47] [-2.98] [-2.70] [-4.68] [2.41] [-10.83] [4.35] [1.44] [-6.06] [2.75] [-2.90] [6.17] [3.54] [1.13] [12.23] [4.57] [3.51] [-6.41] [-11.01] [-15.69] [10.79] [1.60] [2.98] [2.05] [4.64] [-8.57] [-5.19] [5.71] [-10.31] [18.86] [-9.18] [-3.89] [2.89] [-12.32] [8.29] [9.02] [-10.67] [1.23] [8.83] [-0.37] [-3.32] [-5.09] [9.06] [-1.54] [-2.89] [-10.34] [-6.30] [-11.69] [10.96] [-4.96] [6.99] [-3.46] [1.13] [10.35] [-7.20] [-3.25] [1.92] [4.33] [-12.52] [14.82] [-0.92] [-2.60] [-3.34] [-0.12] [9.32] [1.04] [3.01] [8.50] [-9.21] [5.26] [2.22] [-1.68] [4.64] [3.74] [1.48] [-3.97] [7.52] [-19.48] [7.03] [-13.17] [-1.05] [-1.83] [0.96] [-1.06] 
